6500 
4031 1
5878 86
3744 79
3134 16
4186 94
4561 64
2422 8
2848 40
4351 39
4189 64
5580 96
5404 87
5305 44
157 89
895 87
4462 97
6416 1
1952 86
2485 36
6481 10
4904 71
1930 10
43 98
185 25
1977 26
4897 76
1548 80
3965 3
268 81
3631 84
6423 59
1905 93
2578 99
2567 89
1286 57
2497 27
3319 37
4357 43
3571 13
2325 38
2581 50
3907 41
201 33
253 93
3510 83
5871 25
2333 52
4116 1
372 55
5956 4
352 65
450 42
6206 78
1651 17
793 54
5698 92
1953 27
130 42
5573 99
5837 66
4598 1
5295 6
5911 9
604 60
2400 24
4879 99
5882 59
1357 36
1660 9
4642 32
4083 93
4016 11
1881 89
5161 25
2918 70
1077 42
1195 32
2113 17
3547 93
2556 66
827 2
2698 92
2713 7
5397 17
924 81
4111 30
5966 88
5560 33
2046 92
4619 30
5184 27
3518 45
4247 15
1613 85
1440 16
84 41
5519 74
440 4
791 29
449 1
4757 28
1674 46
391 25
1619 60
4984 33
1422 45
825 85
1752 10
1129 75
480 59
5475 76
1798 32
5292 62
1733 79
3272 72
1891 22
4844 64
6282 87
1183 2
711 82
1821 15
1893 64
5788 30
2262 32
5459 11
237 21
5157 4
3699 23
1919 90
2019 95
4237 86
1099 28
639 74
2874 34
6164 71
3062 59
3352 92
2687 28
2335 15
1363 88
383 21
5265 50
2493 2
4693 48
1685 1
520 6
5293 89
1348 75
3888 41
5768 32
836 60
4106 28
1489 59
5154 55
2045 98
2066 31
2920 56
5428 84
1659 78
2421 80
6245 65
3086 59
3279 25
1100 65
1719 44
6033 75
906 6
3783 42
1991 18
3739 35
5084 81
5525 15
2005 1
3841 36
315 83
4030 3
5746 19
3397 66
2310 59
5306 99
4326 45
6400 11
3581 31
1764 50
129 11
466 72
6289 66
337 7
6319 66
4345 37
512 85
1355 26
3006 95
6137 32
1615 85
3500 34
1342 30
1418 42
1491 66
1834 10
4523 17
1708 58
1365 85
5727 77
698 27
4368 44
2734 99
4930 68
414 52
756 68
2839 79
4279 25
5176 44
5584 32
4541 54
2725 69
1054 69
554 30
2649 50
3751 63
1975 87
3479 8
3929 85
4142 46
2320 24
6472 7
2958 19
650 85
4015 87
4011 16
5499 28
234 66
2724 31
4176 91
1626 57
2098 8
324 77
5717 63
5369 39
5031 96
717 4
2765 10
2913 2
5953 91
1594 74
222 88
3202 69
4511 26
2332 39
2515 11
5139 65
2542 27
5236 79
365 32
1200 40
4480 32
3015 2
5939 53
2347 88
2270 58
1757 56
1204 23
5822 41
4691 47
3616 35
5165 91
2554 71
5240 59
1092 6
1980 44
5058 95
5953 32
389 75
1064 67
6060 14
1122 92
153 93
1410 47
1897 32
5961 6
566 35
1589 80
5713 96
5851 4
858 13
3921 2
4595 17
1183 98
741 2
2035 56
3566 90
2029 73
794 51
1726 63
1073 61
1644 62
5070 23
3415 39
4948 77
994 33
3282 90
1426 76
2839 81
4664 68
3867 16
2287 47
5794 97
3508 45
6106 2
451 8
2417 6
286 78
2681 62
452 52
4091 43
155 32
3997 79
926 74
137 61
555 19
2935 47
5004 62
705 66
1771 35
4226 80
6360 98
4719 49
6370 17
5559 38
6085 13
5884 59
1836 95
1410 60
2494 46
5790 1
1840 48
1211 10
6057 81
832 97
4097 9
3879 64
6410 83
1156 99
593 6
5675 54
4173 41
885 42
1970 13
6472 82
6486 66
331 9
3 50
5383 49
2556 57
829 26
4784 71
3825 95
5709 53
455 83
2033 86
4543 66
1217 59
4351 27
671 14
4624 88
127 33
212 84
3400 83
1894 85
5151 50
3201 71
5140 59
907 71
3059 53
3018 26
1906 2
6368 67
6331 82
4019 35
119 70
3641 15
2391 41
1448 41
3139 94
3920 46
1218 68
4385 94
2646 49
4820 2
2073 33
4331 38
6454 54
6400 66
1485 70
1645 30
2035 28
5939 49
5 20
4562 78
4771 45
2328 82
4249 92
1078 24
1641 63
5105 4
5526 15
1385 37
2037 56
4777 87
4643 45
4418 23
4209 68
1854 88
2243 81
5770 6
3890 42
3317 69
4185 27
1223 45
1824 93
4524 29
1812 34
5359 6
5181 7
310 94
1913 70
1455 69
3668 30
6478 52
109 58
5206 8
5717 96
5821 58
4076 46
4660 81
4065 26
5676 14
573 38
27 63
5038 70
894 7
4264 97
6394 4
6119 78
1974 38
4245 92
4263 10
4346 45
610 86
5332 16
3122 29
1016 9
514 50
690 22
703 47
2576 57
3028 27
6484 11
1835 63
4902 61
5642 8
910 79
52 43
3141 72
3928 65
4096 12
1309 75
4283 27
5595 76
3637 22
571 47
385 45
3668 79
2905 44
2090 50
1026 58
1097 42
5511 54
4132 92
1744 9
4582 50
1674 71
141 75
5897 98
3767 9
543 60
234 46
571 49
4756 49
3993 27
788 34
3749 72
5006 74
2909 90
5626 76
6494 25
5328 49
689 2
2996 3
3022 83
6414 96
5135 67
1725 92
6401 17
547 16
4307 70
432 92
1430 72
6432 45
780 24
5297 93
5390 47
5608 40
3178 89
5270 1
5328 19
6349 37
4010 49
2401 8
3751 23
691 72
5836 36
3331 46
5419 81
4738 2
439 24
3876 21
2539 80
3775 2
5277 70
5170 35
6455 81
4071 55
5569 66
2840 20
4457 10
3160 99
2792 62
2332 34
5774 31
2789 43
2993 13
6053 25
3152 59
5259 16
370 17
1413 98
4856 84
3092 37
5782 76
884 3
3347 15
3956 70
3854 81
703 58
4044 83
2471 14
2812 73
360 71
372 94
1145 80
1789 95
2611 45
3235 79
4866 57
5120 33
1052 97
6166 7
3476 96
3508 36
1860 70
2447 64
3455 99
4880 58
3802 44
5023 74
2878 64
3577 87
5957 29
2315 3
1373 56
4090 44
2105 96
3322 96
3751 17
4096 32
6198 42
1836 32
3095 75
6184 2
3284 24
5778 61
3773 38
5420 55
6276 58
1483 81
1853 30
5829 77
1424 29
1451 83
1426 70
4353 80
2679 68
6355 54
5971 76
1955 51
110 70
4672 33
6002 23
5083 52
2045 88
1452 40
3406 22
5684 90
2899 17
5675 90
1691 27
5803 95
2744 83
4384 55
6214 3
1056 54
5609 62
1341 47
5394 98
4055 54
4817 18
2503 43
5018 82
821 87
4 26
2477 10
2766 36
6180 46
2927 59
3526 64
982 2
2019 80
5881 28
4584 61
47 26
525 95
525 46
923 67
949 27
2215 82
3459 8
5505 92
2001 63
2350 26
3742 67
994 19
800 63
1584 77
5963 8
1631 49
1213 34
1613 71
602 87
1994 25
5023 41
1889 78
5271 2
1635 26
2494 5
1442 5
2201 3
4453 66
4817 21
1984 7
5013 41
2891 8
976 4
3432 60
5413 83
2138 88
3526 80
1573 79
3875 24
4568 72
1720 22
6241 36
1203 91
4691 80
1042 90
2329 15
5010 6
900 6
5568 7
2043 23
817 18
3932 28
2520 93
5524 60
4440 52
1945 69
2459 58
2365 6
3901 59
2491 32
3498 73
6416 36
70 31
6194 13
4262 42
5045 63
3239 69
810 25
5325 64
4737 6
5992 94
3542 34
2247 13
4348 70
4687 70
6335 38
6140 23
2687 83
5915 25
836 48
5737 28
1998 47
3095 1
5568 83
5556 33
6110 15
6220 28
6406 72
2744 21
4947 3
4073 65
469 24
2047 16
5362 81
2650 48
4662 27
2071 94
6404 19
2776 84
2558 48
2724 44
1652 39
2367 2
6470 64
4239 95
2901 11
5587 90
255 65
4729 50
4324 90
302 86
3757 83
5948 64
689 16
5592 81
686 88
3052 63
4298 88
610 8
2981 65
5057 48
2388 6
4220 5
3484 36
1413 99
2705 12
5392 39
3475 64
4863 31
4834 74
6075 9
1587 42
4305 79
4534 64
5596 84
55 35
4856 26
5350 95
5271 33
1363 71
4745 79
4321 46
5509 63
5172 68
5256 15
2239 13
4909 19
1587 35
3260 8
3804 55
603 48
1636 77
650 15
4791 23
43 84
5385 86
5552 4
2033 94
2793 54
5410 79
2245 44
219 95
1202 52
1593 85
3590 48
6492 70
5203 4
1074 95
5758 2
1947 57
1791 28
913 79
2362 13
227 47
147 65
4407 58
3032 71
4154 8
2331 53
3827 65
3663 16
4768 83
5791 16
314 77
2879 85
1002 59
3711 76
1772 46
605 75
2006 1
6491 2
3665 25
6039 87
5502 29
6135 90
3399 1
2514 62
1078 73
3150 7
4240 53
218 16
3093 16
550 79
4525 91
5501 45
509 24
3737 38
1408 6
3188 59
2934 89
1654 28
4357 61
6004 68
2147 27
302 58
6316 48
5138 81
1811 87
810 74
4499 58
1150 40
402 90
5536 17
4860 62
293 69
2317 55
2911 91
589 37
2887 82
3474 19
4479 63
4550 16
4405 41
5279 23
5918 62
3525 71
4710 93
5871 39
4097 86
5599 97
3590 98
3869 21
5985 99
5579 46
4743 21
1549 68
917 22
3739 60
6254 45
1444 94
107 30
1909 76
2483 16
3032 40
315 23
4669 69
344 43
4985 73
3737 63
3434 15
1459 77
612 78
3499 97
2870 3
2646 79
271 62
1831 54
2547 25
3142 40
6217 56
4181 92
1639 15
808 50
403 41
5553 5
14 56
1570 25
2804 95
3263 21
2399 29
1736 91
2993 30
1171 64
3714 15
4950 62
2017 72
178 75
565 83
3343 64
4009 49
4292 29
2153 67
5053 51
1609 47
6018 48
4152 37
421 41
5411 16
5559 22
5115 48
5428 78
204 39
4883 3
2064 22
5206 71
4880 84
228 76
975 5
1308 26
6273 46
3088 38
4559 27
6048 52
5099 68
387 39
5302 82
1876 85
2226 42
4627 23
6172 20
508 15
1049 17
4014 93
1372 32
312 25
3839 20
5557 93
5906 2
3160 50
4513 99
3238 62
4907 93
5875 78
916 56
4694 45
5822 29
4699 74
2247 99
4920 62
5717 48
2575 15
4677 52
3780 37
5575 20
2567 10
5943 82
5958 60
4853 97
2158 87
5049 15
422 56
5043 18
3989 92
461 59
5734 35
4246 51
5732 90
894 12
3567 53
6398 51
2640 93
3906 10
5366 81
1196 54
1517 30
1367 63
1333 51
4403 47
473 18
2953 26
6434 31
280 97
3453 63
3041 89
6491 54
3627 67
6045 20
5396 13
2284 36
6021 93
759 95
4863 83
60 37
4744 14
3789 42
2975 50
68 81
2534 26
4335 57
5233 71
6361 28
539 31
1632 44
2800 94
2143 98
929 37
1474 23
2401 52
684 7
2680 15
651 19
3883 74
3223 83
6304 63
6420 65
4442 78
5110 87
43 88
3312 88
5048 11
6394 55
3659 70
3973 61
2460 57
5882 87
6335 1
236 6
1611 39
6113 39
1957 86
645 39
2199 28
298 25
2047 51
4333 76
4206 73
379 99
3166 16
1922 91
3192 92
6127 95
1423 75
939 1
2727 68
4120 17
5495 10
640 49
2460 61
1335 85
5524 78
729 65
1353 82
2266 41
5948 91
2078 93
1240 89
5943 62
3387 12
1939 26
3274 99
58 23
4069 1
4931 28
5547 68
4996 91
5034 36
1714 56
4286 73
5138 48
3977 28
3544 5
6300 29
2017 45
4765 28
517 88
5599 42
3018 88
4607 23
6454 59
3591 38
1267 47
1894 63
3222 54
192 38
1299 64
6407 17
931 76
1366 37
2862 42
2508 7
3073 1
948 34
122 38
3874 25
912 56
6147 55
1516 31
5690 44
1473 38
3275 2
1876 70
5878 26
4708 51
3117 43
2095 45
2360 16
2739 37
5339 77
2162 23
5331 72
2350 29
2417 37
1522 12
4555 29
2739 86
3137 92
1052 52
3833 92
80 86
4130 14
805 33
3831 57
3600 76
2192 81
809 81
2473 21
2577 21
1430 35
1105 81
4027 45
4128 14
3116 85
4845 76
599 20
5500 16
136 61
874 4
1199 48
1475 97
245 52
1071 92
5374 72
3866 84
1241 48
5746 90
2595 13
4068 39
1755 86
2028 3
3660 16
5907 37
4366 99
4492 50
3433 60
2624 91
4258 30
3395 13
5603 4
2316 87
2141 26
6233 34
2139 11
4844 83
1750 83
5818 75
3645 28
3854 17
1452 65
6226 85
3355 90
5819 32
186 46
2072 35
3048 5
1887 53
5114 61
5964 96
5332 55
997 56
3973 24
3710 65
2681 42
2475 72
4394 79
1914 98
5056 82
4968 54
5970 21
2053 53
4554 12
102 91
6081 94
2617 18
2045 70
268 25
664 85
1328 14
1466 39
3849 41
4458 45
6475 15
2621 91
3668 38
3730 19
5881 7
3775 42
843 26
5336 21
5301 15
3534 62
4499 19
2210 52
3119 87
6388 91
2772 55
3327 74
4679 55
450 15
337 99
1804 82
5234 2
3851 7
3343 63
5292 56
3616 75
5855 19
1624 49
1825 73
1798 45
1371 3
2704 94
6370 45
4992 25
4536 70
4381 10
1453 90
3496 99
2011 89
2108 9
2458 94
4706 37
5054 25
1476 36
5971 57
279 11
820 50
5829 14
1243 42
4289 34
3013 66
5909 14
3281 61
3888 64
5322 57
832 50
6459 59
563 70
2453 20
3321 74
4586 86
4853 49
954 46
2650 45
4590 54
1712 6
5336 79
5837 7
1844 80
5399 74
2667 66
1666 39
2130 45
4584 86
3331 98
3950 10
1427 31
4204 6
5090 45
5625 80
1687 48
3065 25
3351 95
5389 75
1348 37
5365 27
423 11
5919 33
3958 61
5056 95
27 4
5498 92
223 24
1931 90
800 95
376 68
3063 71
3571 11
4407 27
2102 36
4683 6
5299 69
3032 87
3429 28
710 14
3958 76
2592 24
990 47
4473 34
6310 38
5799 92
4620 76
746 69
2542 22
5255 44
1524 45
6001 62
4072 90
4217 23
5977 71
5035 61
1835 5
1786 72
910 38
1852 13
3324 77
299 62
670 50
4402 57
1059 70
3428 23
1498 4
3630 36
3201 66
645 89
5758 15
3667 13
5973 72
713 49
5587 25
2085 17
1047 2
405 6
1639 2
2473 71
2140 43
4881 51
3013 87
5318 75
4163 56
1767 48
1591 8
4974 72
733 89
275 94
3319 29
652 77
3347 13
4309 54
5982 85
317 16
3513 46
109 61
3231 25
3035 79
6181 96
5738 96
5988 58
1148 30
2635 75
819 39
4230 5
502 67
3128 88
908 68
4002 12
79 97
1811 26
713 70
261 14
1695 19
4360 91
5177 37
991 38
5308 39
2320 40
975 1
5424 74
3035 31
3101 81
3483 60
2003 35
6023 63
3355 15
6231 19
4285 18
160 37
1920 9
2848 77
71 84
1024 31
5321 80
1628 61
5283 3
2561 93
4546 54
3176 35
951 43
6239 84
5944 6
3964 56
3383 22
5297 28
114 47
4375 90
6049 50
117 60
1711 49
779 63
6191 13
2340 92
3988 21
1792 75
3608 26
3827 56
1276 21
3584 86
1786 70
2676 14
6459 73
556 37
5995 51
2266 9
4965 74
1611 35
5994 18
5859 9
2310 79
4731 99
4085 36
5665 44
1027 74
1121 35
3977 50
5844 55
513 95
2166 12
4319 4
403 68
3301 78
2407 95
3244 85
222 14
3739 90
4388 55
5459 93
788 15
6474 27
5081 71
498 41
3281 25
1120 17
2786 52
2280 10
3549 19
3325 14
3353 28
5516 39
387 82
4700 30
3680 26
11 70
3009 74
4182 34
92 98
6362 74
3155 68
295 71
5637 27
1897 64
3812 21
2632 56
1271 23
2961 95
4009 44
2236 90
3970 79
4206 52
567 23
3493 68
6382 71
6197 92
1029 98
71 88
974 29
1956 38
6145 51
2725 81
2616 23
3407 62
1500 81
1149 81
4043 3
5845 99
951 25
4618 47
4939 5
3449 78
467 14
2390 15
5851 38
4626 10
4807 98
5344 8
247 6
3257 21
809 59
2238 56
2969 74
4757 52
2699 60
2810 19
3050 30
5799 82
1860 89
1519 75
1227 37
1071 12
5251 61
6179 65
5628 32
1476 81
944 94
6113 80
966 11
2211 24
5733 30
1609 65
1104 91
2033 5
1800 43
4648 58
6203 28
2524 66
3187 25
682 52
5261 23
5569 48
1471 35
6054 68
3270 62
668 34
5740 58
1697 67
890 5
4276 26
1591 91
4878 87
2649 7
2178 41
5846 48
6499 82
5938 90
6355 76
1316 54
5861 60
446 35
3492 76
149 40
3255 20
1588 37
767 32
857 7
5613 8
2094 64
4682 36
309 53
2414 20
3125 39
688 9
3068 60
4968 52
5662 78
1893 19
1420 70
111 45
4302 47
2044 17
853 54
2443 82
4247 77
4847 87
92 38
2712 66
3114 85
5654 61
1013 57
2089 11
3652 12
869 52
5412 51
3210 24
4079 56
5161 9
4817 80
6330 83
5685 19
5688 20
3048 83
1015 54
1682 48
4114 46
454 58
4560 72
4633 98
3723 3
4948 89
1566 19
3177 99
624 57
585 34
1752 42
3133 78
5200 10
4848 17
1580 37
4255 37
6481 78
1656 8
465 8
5995 78
2231 13
3004 53
2225 54
3281 1
3049 92
2809 40
4881 3
4851 34
1292 98
3024 77
4189 61
4988 35
2139 65
3798 39
5615 85
3028 58
5975 89
3369 37
3514 46
5614 11
5699 64
356 82
2687 98
6274 45
1530 44
5140 92
2048 52
843 89
4032 15
5581 53
6303 39
3983 11
1748 9
5809 18
3464 58
5814 48
2491 45
2981 11
1173 42
1077 41
5631 44
4368 58
5424 51
2414 18
629 84
6237 85
1549 28
1177 34
583 65
2076 99
4227 40
795 3
5499 62
4753 6
5043 90
282 89
1331 81
5035 2
4521 92
103 72
4234 70
5256 68
4515 46
3257 57
5798 21
2323 9
933 60
4702 8
4123 65
1996 53
1627 86
3777 57
4603 14
6163 21
5144 55
6440 81
513 80
4826 71
1136 16
207 22
3350 39
5670 37
2148 88
807 81
4179 6
378 27
2566 57
2377 29
847 38
2192 85
3721 26
1865 55
6389 2
663 29
1057 20
2002 73
4788 24
1830 22
3365 32
3697 60
5086 96
695 45
1409 23
5740 79
294 9
6072 27
6226 24
605 5
2145 68
3542 45
4503 78
1372 54
1372 30
1433 50
5470 10
2734 53
2532 38
5271 20
1215 56
6139 51
1480 17
1244 88
1024 62
1827 9
1354 39
3707 56
1810 50
5074 86
5751 50
2500 22
5771 38
5318 9
5328 15
6066 14
103 9
5510 58
1775 18
986 43
133 48
739 12
4159 59
5478 96
3139 72
304 19
1372 4
1476 33
2915 77
4172 56
5103 62
4634 68
3107 93
1725 22
2268 89
143 78
1306 5
26 62
4024 98
3283 92
3514 8
4236 18
873 28
4831 83
4959 6
3559 19
3507 78
127 84
4011 56
2081 2
3027 24
3351 40
2784 39
3753 97
4349 66
5992 2
5326 88
753 24
3047 42
4402 52
3834 56
3606 33
5717 17
6431 5
4178 29
378 73
1593 43
5567 13
702 26
631 50
2754 96
3991 73
3657 53
5658 31
3473 3
6467 59
4375 50
1403 78
2115 61
6332 64
33 29
3556 74
979 47
1964 40
3214 84
3349 72
27 31
2520 40
4439 79
3605 17
1524 7
1773 69
3154 51
1452 34
1724 59
1486 94
2981 75
3310 70
3130 22
796 95
2642 1
1672 86
1362 95
1591 18
3415 54
3715 36
1258 13
3144 8
4529 7
4299 63
3918 7
5462 11
480 67
4395 12
971 8
2272 25
4011 65
4019 82
2417 91
6480 11
4978 18
2247 68
893 3
1410 17
3382 84
488 62
6412 90
2601 97
2633 43
3206 22
571 35
2505 74
1813 60
529 42
4116 22
1869 60
379 80
2609 79
2425 23
2063 57
977 55
6070 55
3068 55
1223 31
5452 61
1903 93
2151 40
3642 92
2827 68
5332 30
5146 38
5480 16
2051 78
3043 42
1636 59
6439 50
1326 27
5367 50
3762 49
6385 5
2615 66
3789 52
1514 6
5920 23
4503 26
6441 97
2247 40
5636 74
484 7
4656 14
6476 41
2134 87
4235 25
2807 46
1675 8
3944 97
4607 22
3038 45
4881 90
2713 81
3168 38
4047 49
5724 27
2543 52
3588 70
884 51
893 2
110 58
1788 70
1038 38
2882 1
3756 27
1920 55
5883 70
4153 49
31 31
343 88
5890 99
400 22
2752 60
2013 58
4449 82
1184 77
3451 57
4072 51
1364 53
1177 47
1429 20
3115 61
3896 31
3837 50
2135 73
1705 88
3048 96
3866 17
1986 25
949 7
6321 76
1166 5
183 24
4293 6
3304 47
1044 23
5888 95
2541 28
3607 53
5150 60
567 79
1021 4
808 64
4868 81
1101 79
3937 5
2347 51
5674 67
298 2
2432 68
5663 48
3039 34
1199 85
3 94
3268 35
1934 8
4071 64
4263 70
46 64
1183 37
5707 77
678 57
3607 41
6114 48
6151 81
4539 32
4094 20
340 25
3805 91
134 97
348 22
1413 20
3280 96
5455 24
4183 42
5558 64
1321 50
5408 8
702 24
4180 82
1001 77
429 79
691 94
3112 70
4160 14
3097 3
4038 83
1985 32
5710 42
2275 91
1032 86
282 67
4698 96
3531 12
2476 53
2666 27
3216 18
2521 61
764 93
2097 92
6262 5
661 70
5005 88
4266 28
5656 11
2992 1
6177 36
1860 94
1200 21
4578 23
3519 2
761 27
4054 87
5688 41
368 6
5015 28
5783 48
334 24
103 27
6333 27
5180 11
6216 15
3617 95
2682 40
3762 51
3991 69
804 82
1263 15
4743 3
2195 49
5771 17
3978 80
3154 13
3212 34
6495 73
2596 60
4384 62
5967 42
4718 45
5524 64
4890 75
2593 89
4016 15
4743 97
72 38
6457 25
6290 10
899 73
3535 58
2933 91
3136 84
3797 52
1298 35
1917 34
4034 73
2376 35
2002 33
4159 26
802 26
938 43
467 1
5623 87
2537 78
704 42
596 98
1625 50
4562 68
319 85
1981 69
6247 94
6264 51
3146 30
3880 82
5746 26
4292 11
5069 56
3438 84
5899 60
3188 32
438 93
4747 6
6470 52
46 16
6453 89
6031 30
3280 61
5294 80
6289 42
3226 8
3573 31
315 66
4022 96
5019 42
1551 27
230 55
3322 42
2639 50
1448 24
5760 16
5259 3
6365 63
1129 89
5997 90
5900 40
6114 26
952 28
4292 14
2836 17
4817 25
246 1
3326 80
2962 13
1649 99
2637 2
2291 25
4664 16
4674 87
2421 65
6226 9
1128 6
6384 90
4494 42
4963 28
2927 20
3568 66
3851 36
2063 15
2340 67
1390 40
1468 67
2137 58
4650 22
974 41
3281 59
3337 9
1538 71
618 26
3900 91
5123 18
5600 21
438 11
33 80
5602 78
1191 50
2379 55
1333 86
3354 88
6479 77
3303 62
2961 86
6311 59
2439 24
2196 39
2715 74
3668 91
4473 49
4834 79
2175 52
3631 44
6172 80
1094 55
5828 61
3087 43
6280 6
5386 44
5072 2
3028 87
5999 30
6051 85
6128 76
4995 47
305 75
5385 73
4532 75
1455 82
3190 48
3617 69
1385 3
5693 98
4239 42
5684 87
203 79
1814 53
468 65
1392 11
2156 32
4716 73
2683 23
18 92
6329 8
4608 87
2183 41
5189 49
4660 39
3566 38
3888 20
3187 32
1515 28
4716 47
1921 80
4764 81
2783 44
3454 44
483 25
2588 82
727 14
1072 25
4557 75
982 12
5662 4
4640 31
5744 98
2176 37
4092 77
4319 67
731 93
5303 57
5196 20
1003 64
2391 78
3889 13
5105 68
2607 70
4406 92
2840 53
5251 57
3887 20
2075 65
3135 25
2357 9
1053 30
5062 91
5381 42
4702 14
508 64
4840 94
4938 14
5023 97
170 11
4745 70
1907 99
6174 20
3560 82
6222 43
3926 37
1378 50
6253 97
5286 86
2510 72
3735 78
3612 99
4507 78
4906 23
3104 17
3944 19
2324 4
5930 44
3280 83
5543 18
1549 77
1348 44
152 87
6122 27
5500 66
37 39
4260 8
5744 78
1273 48
5806 34
1950 16
6350 58
5205 79
5534 37
4933 1
4487 47
1071 98
3570 5
3172 38
3849 9
5430 25
5100 88
132 39
1996 28
4948 93
1368 73
5820 98
1791 46
4400 1
1500 72
205 61
2444 77
4324 79
54 46
3761 44
4664 62
1145 77
1174 2
4376 23
1522 22
1700 2
5739 65
6280 90
846 39
4849 85
1007 34
4830 40
5215 11
2410 9
2038 93
3637 45
6471 26
4561 29
414 53
897 91
3434 28
1950 98
557 14
5393 5
229 58
4089 37
502 71
4416 40
2137 67
2260 70
4008 85
3474 70
4859 20
5594 30
1584 51
5345 14
4033 29
1622 74
5004 95
894 74
3667 87
2941 33
4133 85
3809 35
3180 68
6267 41
1626 55
5250 95
661 31
5287 77
4073 31
6451 92
4446 89
1370 60
5895 69
2605 61
1386 91
4133 33
1855 96
742 87
5255 62
4632 3
6306 50
1965 96
4873 57
11 51
300 39
4720 84
1159 96
2271 29
3004 93
44 55
653 43
3774 39
6064 93
1444 96
2797 42
6080 75
3046 29
5413 71
5413 6
1609 66
2599 22
5642 95
897 85
4921 7
5770 95
5913 26
5146 45
5231 86
4620 74
4226 17
4481 17
1822 91
5409 16
3289 71
6409 9
5294 90
993 17
443 38
6374 54
159 57
4188 2
5197 10
163 77
617 6
2909 41
5578 58
5461 99
1646 51
4099 94
42 13
2772 2
3238 55
1179 89
4258 10
5397 65
3845 7
3021 11
796 47
6406 34
1115 63
4175 64
5966 37
2171 80
3061 79
6392 74
1074 71
753 11
5462 94
5556 95
3213 57
3872 43
2178 62
1382 50
987 9
1034 7
397 26
3141 17
135 63
5400 22
3503 46
5600 23
5716 50
6007 97
5623 41
1832 31
6250 24
4082 14
5735 16
2149 71
5013 7
5294 6
2327 7
2159 67
3812 98
4778 43
5179 61
3776 58
989 13
2943 57
3821 70
2663 60
1784 2
3188 84
416 93
4799 99
5161 6
769 89
1965 3
2241 89
317 30
5246 86
4790 39
3691 56
4068 28
4044 37
6046 28
4803 54
2987 71
3849 73
4191 85
4575 28
1396 43
6434 29
1588 35
2801 88
4046 50
3659 61
4966 28
4281 46
3332 22
1850 34
4850 76
3080 23
4590 49
422 45
323 10
1554 24
1432 48
1555 90
4321 26
5925 1
2037 35
4092 52
2590 86
131 10
2288 87
5689 3
1636 99
1883 25
3856 20
1424 73
2093 30
3904 12
3220 68
3661 70
6268 99
3219 6
6115 4
4484 46
3984 58
4826 29
5273 33
2668 18
6459 25
5668 77
1120 85
4161 45
3044 14
2003 65
618 11
332 31
149 7
6248 29
4829 99
808 14
4118 78
6201 70
5304 97
753 57
3830 99
3844 89
2441 85
624 68
5386 52
2492 49
5151 75
1262 18
5980 2
3908 88
3479 83
2585 36
1068 30
5409 85
5368 53
2410 72
6091 69
4712 60
6018 91
6413 58
250 95
2285 12
4744 18
5954 45
5642 66
735 76
6250 39
5196 82
88 62
2046 95
5397 85
3764 55
5318 22
993 88
1533 19
3748 41
402 1
4736 27
4620 20
1181 1
4806 7
310 16
3835 97
3371 61
5957 99
2536 42
3960 48
906 62
4283 68
6402 48
2281 15
4256 88
694 47
4784 16
544 24
3698 33
156 47
322 30
6090 48
3895 32
3192 87
5715 88
5532 32
1551 41
471 75
2523 82
2552 33
912 96
1235 99
2715 60
4762 36
1483 44
3984 18
3474 68
5313 18
6077 89
4221 21
2523 48
3479 93
4289 54
2310 86
5901 44
4368 3
17 51
6400 67
5070 8
2311 64
4398 59
2439 13
2847 51
6142 38
237 9
5677 30
3616 33
2908 13
3687 77
4415 79
1960 31
3251 85
2720 87
4423 36
5868 98
4514 39
2998 93
5626 25
1226 7
4409 1
705 58
2187 94
4647 19
587 31
3246 76
4001 48
5144 25
2026 66
4386 74
1881 56
5348 46
6098 40
459 85
5374 29
3534 15
4659 34
6499 38
607 92
1977 85
741 62
1091 66
3187 19
1237 75
1703 30
625 5
2658 20
4097 87
3103 40
3578 38
5278 77
877 33
3875 97
1866 12
3432 73
4159 46
470 70
2715 21
4398 73
945 36
6317 69
1197 51
2141 92
5128 52
1094 96
834 35
1863 84
5249 41
6243 41
4068 7
5800 56
3624 87
1793 87
6196 49
5397 78
4471 21
1694 90
5883 61
1396 3
3912 90
5591 15
576 74
971 49
2884 56
61 98
497 37
5690 2
2804 81
2966 5
2119 53
6264 69
5777 74
2640 72
2943 81
5780 13
4362 14
6151 46
2771 43
3148 62
5588 27
5745 3
1605 99
5692 67
3977 40
931 65
3053 38
5183 50
146 54
4475 97
6294 10
952 77
5745 36
2110 96
3845 44
4768 2
3892 76
1411 12
1587 3
1162 5
2812 81
1965 68
1742 44
4230 42
147 62
1088 94
2532 58
1318 36
2883 55
5828 44
2296 26
1342 87
710 75
2107 46
5786 5
1816 99
1783 37
3417 88
2464 81
2048 10
342 49
3997 75
6116 18
467 39
2275 11
1604 9
2510 8
4134 17
1914 38
741 13
2367 3
5033 67
3715 60
3903 63
5644 84
1911 68
2267 48
372 40
2476 16
3395 50
4620 3
4352 53
2695 8
4208 11
4830 90
4130 81
4956 12
1113 11
6480 15
5474 29
1248 82
70 9
674 30
5731 91
1532 51
3070 52
4540 63
2151 94
2191 25
819 1
2207 22
2112 84
2068 45
495 66
5903 26
3031 64
4455 25
3581 26
4686 17
6079 26
5824 90
4939 11
4403 33
1693 14
2364 19
2078 10
5412 3
4335 80
1667 96
33 42
129 47
2673 45
1712 56
4026 56
2837 6
6481 82
3026 17
3033 76
2492 37
5314 20
4181 69
3547 87
5656 18
6205 30
3750 96
1197 10
88 86
3631 14
5748 7
5866 57
2804 91
3062 26
2990 41
2623 96
2574 72
203 9
5805 41
814 73
5506 13
3249 5
4626 39
3081 37
2414 69
2457 48
6367 66
2617 53
5390 69
6375 4
2593 82
2964 54
4364 2
2350 85
5806 98
4114 75
2829 80
4202 71
6020 54
1833 85
2370 32
4148 22
2598 60
4961 29
1378 55
2463 31
1490 54
6446 88
1042 15
5162 65
6188 48
163 14
2484 64
3842 32
1198 21
5892 3
6327 28
2697 60
2258 60
5855 12
1252 70
5905 79
2337 9
3926 14
106 65
4535 48
3258 88
2926 93
5063 80
3874 98
469 92
2102 91
4333 99
3493 87
1236 87
4569 75
3534 59
4569 14
3960 95
1969 58
1191 62
3358 41
933 71
2276 6
4423 87
1289 19
1170 87
4709 81
1775 15
6275 46
1679 44
3701 24
220 57
5962 27
2390 22
4019 30
4262 46
1590 94
1770 7
4476 87
727 58
2121 16
4760 31
2290 5
2841 11
5074 97
4784 41
5163 11
2133 52
5437 54
4299 79
6401 96
2081 95
182 76
3143 67
5306 50
208 44
2932 99
2593 40
583 28
4739 57
605 90
2492 18
3252 5
1439 12
5243 90
2808 79
558 13
4267 58
4446 21
4566 83
412 33
4542 6
4633 20
4635 11
3982 78
4153 15
2344 61
6350 39
1511 3
3829 6
3625 76
6239 18
261 85
611 46
6122 94
4449 12
6185 60
2920 82
4859 71
4524 31
4484 81
4308 29
4010 37
5706 14
644 45
1795 89
4391 49
4099 90
2027 6
3122 85
5081 53
4506 47
6272 27
1747 28
3729 70
2262 23
1171 10
89 80
2072 55
2172 37
3968 53
2928 14
5282 12
3821 53
4747 82
5066 62
541 85
2973 36
3590 80
3909 87
1473 28
671 94
1505 34
2116 54
5098 80
1904 95
3757 87
4989 6
1314 15
5099 62
5991 36
2017 82
4065 32
5632 91
2931 72
108 98
4698 34
2925 46
1504 36
5761 57
4685 13
631 85
3745 70
3193 57
3572 9
1114 82
2022 85
2673 77
5074 33
4902 18
3387 39
936 66
4249 13
6273 51
1413 96
3268 10
4039 21
1228 54
5114 78
1752 17
2689 48
2589 56
4576 20
2043 34
4380 23
1015 93
2951 70
1090 22
4881 18
3395 16
1990 55
4786 42
4965 94
4419 64
72 60
3513 25
5953 14
3665 64
5462 56
5665 74
1852 10
1309 43
133 23
426 63
154 49
1288 23
4785 79
3653 82
2129 89
2420 22
1072 45
2588 99
2341 93
5342 69
2183 18
3242 4
5007 8
6363 79
2391 74
5893 20
5666 5
2047 49
1922 45
1009 56
4505 61
979 89
5293 94
429 66
1575 25
75 15
2447 83
4141 33
6439 17
831 19
2041 54
3443 58
4981 39
1243 99
3296 22
5687 21
3141 84
570 92
837 36
2322 98
5860 63
3698 42
6321 15
1969 43
1190 40
3621 62
1785 49
1860 92
4907 72
3768 9
783 80
5633 83
2726 42
592 98
1575 64
1113 68
438 21
330 25
5263 34
1250 57
4586 87
1121 96
2963 75
5988 76
1717 24
2380 19
4160 59
1189 1
2936 20
3810 53
963 47
2067 65
4970 98
5679 2
3618 46
4864 5
5354 97
2518 57
3388 58
3247 31
2280 57
1265 90
3668 76
271 34
1862 64
1657 68
2041 69
6337 42
993 8
397 84
1082 69
5424 6
651 15
1775 66
256 53
6441 46
5853 69
3286 42
3120 41
2748 29
4142 50
3206 70
495 41
1933 4
1044 62
6302 74
4651 26
841 62
6207 69
4973 40
5312 64
1975 80
5973 11
6185 14
2690 17
2720 9
5701 6
5051 98
2643 95
5273 48
5190 80
2056 44
4780 51
3377 14
3310 65
3103 81
2981 1
6322 27
874 88
5696 61
2317 24
1360 75
2829 10
2768 86
4787 3
571 42
2606 12
3555 41
5232 89
2731 75
1983 18
4973 49
4686 90
1751 74
5150 61
5353 44
1560 84
1580 49
6287 97
59 5
3786 34
227 19
2495 74
2622 23
2346 69
6142 68
1250 47
485 94
1308 43
5116 45
121 61
3087 44
513 71
5053 16
228 10
827 37
1692 1
4437 11
3916 17
5676 72
2694 15
5458 86
2527 28
5568 72
595 88
5255 18
6046 55
3918 18
5059 9
2719 16
5812 31
5770 73
2661 84
3131 72
568 94
2243 14
965 42
3846 79
1235 49
555 67
4180 89
448 68
2573 29
2862 18
3042 70
3120 4
813 63
5998 74
1016 21
470 52
2129 58
324 98
1836 39
1081 96
2759 28
5167 79
3829 28
4601 64
6074 3
366 14
1997 59
605 8
6445 21
97 17
1868 29
4849 36
1287 93
3539 92
5442 77
964 72
103 64
6108 76
5742 42
4587 40
5031 77
4665 26
6405 87
5910 99
2286 74
2482 16
5318 44
5920 97
5240 81
4359 38
1065 50
4888 77
1542 36
1956 28
2756 99
1775 32
3711 79
362 20
4622 99
388 52
5059 3
4979 59
625 97
6077 53
2539 50
4140 25
4635 79
4475 42
4058 65
5941 18
1259 21
2024 45
536 29
4034 66
1665 87
1906 89
616 94
4866 83
710 52
351 59
5170 80
578 73
5515 23
562 44
4315 32
4660 80
1603 22
26 21
4279 82
1608 53
2065 69
3943 25
1923 39
3575 95
4786 80
2507 2
154 64
5476 92
356 47
1013 67
2119 40
6487 75
3699 74
5077 46
98 11
3656 73
1310 29
316 63
2965 71
4783 56
3789 91
1944 83
3852 13
1370 36
1098 92
1984 46
1696 15
162 23
5207 81
1148 24
1487 41
5216 59
1598 75
3886 89
1611 94
2401 25
1573 57
4581 86
4271 90
4056 40
2548 57
4271 10
932 25
6034 3
5705 68
6021 30
4256 19
3954 68
1746 66
4031 17
2094 85
2832 52
3187 24
1559 78
6115 70
3842 44
803 71
2150 73
6189 48
3688 89
1147 82
5026 33
1442 21
2369 50
2693 81
2814 71
6468 71
4265 64
340 47
2361 26
3273 7
1235 86
3658 64
3408 95
3233 25
4183 52
1425 92
393 77
1176 85
4771 20
2626 41
161 47
792 49
973 56
4614 61
2113 87
2026 3
5440 85
2039 17
2445 64
6482 79
3237 83
976 6
1080 32
2703 12
1324 51
4983 63
5815 40
1978 82
4765 7
6117 85
5438 14
6494 54
3322 20
2407 48
2846 88
4970 71
2197 41
5890 16
3215 10
4140 86
2188 40
1488 85
1093 16
6049 54
1439 32
4178 68
2731 22
5791 33
3368 78
5072 14
6116 66
4016 86
493 4
2026 38
739 2
3244 24
791 11
4238 34
6282 29
6451 42
3110 15
5723 2
817 17
3205 50
3979 46
496 25
919 31
3695 11
1239 92
497 66
4488 71
1894 13
5540 95
1174 22
580 63
3281 89
1664 73
397 18
4757 68
6489 39
2530 56
1849 59
74 99
449 71
1501 56
4169 79
5369 77
5416 88
2048 4
2948 46
5140 23
2054 65
6481 31
3993 7
1946 70
996 9
1437 61
3628 65
5995 98
1307 70
3126 47
5412 40
4500 44
354 87
3174 83
509 5
6024 79
1278 3
2742 78
5022 43
1828 37
654 32
4868 58
2640 99
528 73
979 2
2772 69
4397 27
283 12
5836 39
4448 65
1617 89
2827 69
5508 3
4752 64
85 93
755 37
4466 27
2791 36
6365 32
2703 93
1598 62
577 98
5648 91
3102 99
6394 86
1811 47
3026 29
2577 85
433 95
3302 77
5862 32
4083 61
2707 82
2454 7
2240 33
4479 58
2334 94
6325 57
3752 30
5403 55
531 3
4379 2
6313 36
6167 58
962 26
5766 26
243 53
5001 34
6254 49
3029 57
3934 37
2171 6
231 12
4914 83
1431 41
4897 25
432 95
1470 24
109 59
2113 55
3182 98
4080 47
2437 71
1274 90
5006 26
1739 25
2972 82
1383 69
2854 58
4459 88
5819 58
2236 60
5465 56
5188 41
6452 45
3521 28
4567 3
1993 51
5285 50
3425 64
1082 43
1585 31
96 21
631 19
5493 88
3926 96
6041 95
263 85
1348 38
3611 47
2439 60
3278 76
6361 34
4531 16
3329 16
2098 4
1081 4
6400 75
5279 67
4757 27
7 57
557 36
4089 28
207 96
581 42
6347 57
2155 18
5725 83
1574 60
4124 33
1982 1
1647 65
3601 97
4414 2
1276 81
1640 4
4472 61
4646 68
5344 6
1623 74
3021 39
1867 12
3495 78
5244 88
5364 7
5779 72
5592 33
2112 70
5948 95
1879 29
3701 23
6131 98
1994 48
947 59
4940 22
3832 77
130 50
653 86
626 10
2665 74
4885 13
2635 24
3409 26
6351 77
5819 88
4707 83
6327 3
3877 9
4513 62
912 51
2287 95
5402 14
2589 19
575 45
4158 3
6207 39
692 92
965 50
1023 13
5264 97
2725 66
194 76
2427 18
5290 2
2346 49
1299 29
4416 72
2115 98
5357 62
886 54
3501 49
4503 32
6053 86
265 29
2207 19
1752 27
1746 76
5022 70
381 61
5992 52
2611 26
110 86
33 27
3270 14
4114 89
2492 97
3094 63
3500 25
3882 49
3942 64
3980 65
2934 3
6079 36
2102 4
1245 44
4894 51
5481 70
4008 1
4050 76
4939 24
3772 54
3329 83
2921 67
3420 90
5171 89
4349 82
3153 61
1775 41
6468 7
1763 18
3360 68
5335 60
1239 72
1650 83
31 30
4363 21
4854 60
71 39
1458 45
933 42
2861 71
3257 43
2764 27
3164 1
4657 22
3526 51
4065 46
5512 52
780 3
3549 96
5216 56
4293 59
6019 72
3838 66
4985 24
250 18
6448 15
5239 57
5165 81
4391 81
3114 17
4605 24
5215 18
4192 75
2652 41
6315 27
2051 61
908 10
6481 55
3653 38
5993 37
3242 96
3606 93
1222 54
3805 21
6355 26
1086 69
5779 13
4355 23
1751 59
5557 11
5154 96
4233 27
2592 4
2451 35
4447 32
3519 62
96 37
1646 41
5789 76
6237 62
6113 84
23 7
225 67
2649 61
2648 5
4015 99
4840 15
185 7
5279 35
6347 53
4560 37
5074 90
5352 66
970 56
2055 62
6279 70
4828 75
3878 52
684 3
5523 57
3819 73
1710 74
1850 59
5386 88
4029 27
2783 77
2149 21
501 57
2090 29
5986 39
6201 93
3608 12
5028 34
4157 21
68 94
4018 95
259 28
5185 69
3304 65
2047 60
4534 6
1487 84
3489 60
4837 42
4367 2
5835 11
2877 60
933 5
5775 92
2114 3
3825 1
5550 10
3175 18
1783 70
4694 43
2579 21
2326 45
1394 94
3049 18
3767 54
4898 85
2927 40
5364 64
3800 25
3950 65
681 15
3062 16
1684 44
5839 48
4281 14
247 12
398 42
4916 38
5195 71
2216 56
5091 3
4818 96
2980 35
1244 4
867 91
5680 13
1917 94
6269 39
2599 32
1371 23
442 63
2031 84
5937 12
1987 64
2128 16
2497 28
3246 51
3333 7
3341 79
1351 22
2854 95
3144 88
4816 26
395 47
3274 54
4159 53
4777 92
2717 50
5774 46
6344 87
4280 18
6352 31
6169 10
6455 35
4569 98
436 68
256 44
4373 98
1429 68
6255 57
1367 22
3034 51
1187 53
1999 41
1919 21
316 33
172 23
1766 40
2326 58
3220 81
6020 49
1833 58
582 32
3483 14
5494 53
1595 19
4475 1
793 32
281 91
1682 97
1657 8
1484 58
626 92
4980 46
22 76
2554 92
298 40
5890 85
4882 56
4410 63
5516 60
335 30
2472 15
3934 85
2481 57
1568 34
3834 79
337 82
708 1
2286 60
4632 59
102 49
5452 83
5642 37
4300 17
2877 91
79 48
1719 53
538 4
2583 5
1087 49
6472 50
690 37
4850 74
3308 98
6328 17
2508 95
4092 11
6121 90
2509 23
966 56
355 54
4466 72
2767 81
834 40
1584 84
226 41
4687 7
3407 40
3553 82
6119 40
4158 90
6432 94
3246 84
5886 85
1654 24
2465 79
474 16
914 46
545 93
6193 36
1093 89
3176 83
5257 74
4581 56
5206 97
229 86
5312 52
3132 20
5322 58
3964 16
3955 77
521 47
4682 9
4600 55
716 34
541 69
5495 31
689 4
3847 37
1727 61
1086 81
3904 72
1742 13
184 28
1733 65
410 6
6141 12
664 53
5555 13
1552 60
3762 60
3426 11
2435 58
1113 10
1189 99
5640 94
2381 3
1348 66
4702 92
1155 26
999 65
5512 85
2446 15
4133 96
1634 68
265 28
6389 88
2337 24
4945 8
4712 40
5523 26
3093 8
5876 59
3795 46
4332 1
6069 31
2048 7
2554 38
2648 19
5526 22
1822 2
5292 86
2764 80
1539 73
2138 55
3379 4
6145 46
2523 25
2650 12
5640 97
391 54
2100 15
4150 1
360 7
4953 55
6301 31
3382 70
669 83
6043 74
6460 31
954 65
2727 60
6145 8
4281 19
1040 61
6388 59
1133 62
56 39
1954 89
152 66
4099 86
447 95
2537 46
4601 73
165 85
6033 83
1799 63
4505 10
3954 32
2621 56
3882 38
1073 68
3123 17
1418 72
4661 8
3464 69
2997 54
2918 7
5533 87
4260 64
4467 91
1897 2
2645 52
3603 69
5665 5
5240 71
1735 54
2778 18
1564 44
3257 2
1734 44
2501 8
3969 70
1140 75
2734 14
5639 98
5175 90
2452 63
208 38
1739 33
1640 96
3730 17
159 13
326 48
4675 42
2621 95
2675 12
3236 31
3909 96
4342 11
3978 84
1718 50
2172 61
3024 11
4669 79
980 70
2959 8
3005 35
1718 78
5315 28
1706 83
4045 54
6339 37
6128 74
297 60
2053 44
5857 86
208 84
4948 65
5836 83
5704 58
1690 3
5430 39
4576 17
2894 4
4927 44
3055 96
4489 26
2472 11
4133 78
5604 93
3337 86
6040 76
973 44
5017 18
1713 47
5799 8
347 46
6352 28
5389 99
540 23
721 20
6031 3
2867 38
2166 75
5404 46
4010 33
86 91
43 29
5241 73
2826 32
902 58
3196 66
1693 29
2089 37
6247 50
847 78
3539 34
1730 22
2809 44
3659 72
1448 27
452 31
4622 81
424 86
477 40
2417 67
4481 57
1538 1
4209 43
2927 10
5983 60
5886 97
3698 88
3399 36
5011 48
561 90
4743 71
514 59
6022 95
5488 16
6298 62
1285 77
3375 33
787 92
264 48
3315 41
2799 82
4491 71
862 38
2847 46
946 93
4302 26
3932 6
5638 56
2514 58
5184 92
3780 36
5606 55
4158 81
3219 51
3584 63
6353 17
1202 59
2338 16
4131 52
2677 57
3573 80
5851 55
5752 99
3781 14
4956 63
2124 93
4799 41
4102 92
2591 24
3920 88
4147 39
1769 32
3964 62
5333 11
5946 33
264 28
1500 15
6084 53
4786 68
5239 60
479 32
912 25
3329 26
5776 4
5880 27
1328 69
4573 68
5329 43
2762 31
91 81
2223 32
4842 15
1985 12
832 99
4154 85
5548 5
5167 13
978 88
1601 98
2335 53
4090 60
5243 57
1675 34
4789 41
2440 20
4041 69
161 28
2535 5
1038 89
1978 71
5859 41
5860 95
3643 8
1502 93
4009 66
6195 79
740 53
4996 89
6224 75
501 8
2551 56
2751 37
6149 60
3451 48
6084 95
3476 7
766 3
4064 97
2146 85
5362 49
497 54
5014 38
5024 81
3000 48
3931 47
5459 95
1918 41
4791 61
181 30
3081 11
980 17
389 12
2065 2
3175 90
3651 35
1989 58
344 32
3082 66
6263 9
6174 12
3717 78
1215 35
711 40
3493 97
2291 79
4468 10
4159 86
3125 32
3083 58
4860 65
1451 2
5335 56
2391 77
2445 17
1303 84
4856 41
1172 54
4729 8
3521 43
5720 71
4886 44
2320 4
4341 88
4396 59
4519 24
142 93
6013 26
4498 96
4246 64
1566 61
4479 9
921 74
6032 96
5639 17
2379 10
489 71
6164 7
1097 1
5472 43
2390 23
3783 62
4817 48
845 8
4790 16
1158 24
5078 34
145 54
2412 30
2755 41
2673 33
2100 60
4999 79
3522 2
2508 37
2847 31
3713 62
3766 92
1332 44
4 38
2034 28
1481 61
272 49
637 61
2703 82
1436 26
2788 62
3442 10
2872 56
1514 35
4423 9
4142 48
2802 3
5314 12
607 29
533 73
6387 37
2749 3
1002 19
4924 62
3164 99
1925 65
2247 53
2843 37
3836 81
1604 26
272 20
569 98
4908 58
5641 6
5940 52
4142 73
2419 16
3104 23
3152 92
2733 94
3728 86
915 81
6341 58
2456 79
1971 92
4287 94
3458 77
3746 6
4032 57
4794 25
3075 31
6225 83
3017 93
5884 87
4257 95
115 32
1076 6
832 37
5464 85
718 27
130 46
3453 82
1482 51
5210 43
6004 66
5207 13
6273 95
200 76
6069 65
6352 64
419 93
6397 94
312 98
5387 35
4896 5
3054 79
739 68
946 63
3614 84
2439 99
2892 31
4329 84
3644 14
3771 71
157 1
810 10
3203 68
3008 54
3342 91
4451 42
2067 88
92 73
3034 74
3823 4
1044 48
4035 14
5371 10
710 98
1186 67
6347 95
6372 85
4331 28
886 6
3460 49
4509 75
2085 58
149 49
3457 44
5332 38
6342 72
2376 73
2885 38
2508 94
4345 16
6494 48
572 52
295 76
4465 42
3506 80
1903 29
5178 41
1949 4
366 40
2356 72
1948 24
1371 68
5651 6
4158 68
5189 48
2061 91
140 17
4016 43
2587 96
203 62
1024 16
3624 74
526 81
228 70
1169 76
3823 20
5010 49
5264 14
5717 21
765 56
5703 30
3361 52
2654 93
3867 73
1678 62
3099 8
1884 49
534 85
757 24
162 21
4748 97
1608 90
1161 57
6406 85
5682 53
1985 11
1461 38
3458 76
5336 86
1840 79
1305 84
6107 91
6369 40
142 69
4939 2
5110 97
493 57
1554 37
2843 86
6213 17
1609 6
5276 91
3719 27
4763 31
3531 92
2357 30
5366 62
4312 33
1017 99
3426 5
4182 40
1665 37
2838 49
5236 68
695 73
1343 77
403 30
827 7
2648 44
3877 53
5863 45
1415 52
56 65
2948 70
417 90
3461 39
4809 17
4167 2
2095 48
2350 94
4050 86
6327 37
5597 34
3091 96
1343 19
4930 23
2818 33
3409 22
4740 88
4616 29
6409 16
5526 66
223 28
4057 92
4305 92
5849 10
352 15
4802 12
2850 68
1946 8
5895 9
4447 31
4635 22
3199 39
307 78
951 38
3002 72
3345 75
568 83
1913 98
2899 4
4142 70
368 43
3461 16
283 78
1772 17
3359 28
6175 96
4483 85
63 75
4885 45
597 15
1924 49
1607 77
155 22
1981 11
3087 77
155 24
2016 45
4166 79
6138 84
5287 88
4127 58
5670 54
163 37
2594 83
3294 85
1258 12
5849 52
3538 11
5709 70
2981 14
4658 80
3622 72
2291 26
2748 34
1619 14
5896 14
6328 70
1177 58
5696 42
5355 60
2953 44
3731 48
4697 11
2063 35
1150 18
1629 9
1675 28
5351 81
4459 67
5822 7
413 32
2780 5
5337 64
199 8
6446 11
5349 63
857 39
6333 61
5108 16
864 61
4147 37
2840 97
3358 21
3781 77
5759 56
2402 19
3434 25
5119 3
228 28
1759 93
2889 32
5773 67
5894 90
4156 98
322 82
5976 16
4339 38
3213 43
5665 34
4814 36
1393 95
109 37
4408 77
2412 18
5061 34
1530 84
6305 33
5910 75
256 11
4573 71
60 90
4160 20
2569 24
419 34
2012 11
428 41
5905 77
6322 91
330 31
4760 32
3907 54
3896 70
2752 3
6306 64
5096 4
5338 16
4677 33
4466 49
5595 93
561 18
1007 67
2350 49
32 23
1866 30
4280 4
1866 18
1305 99
2570 97
1382 15
5025 26
1467 33
6368 76
2176 59
5562 96
4771 54
1898 75
4311 28
5377 72
365 93
5277 86
2587 91
1666 45
38 63
3798 17
4611 49
5493 57
2405 36
4841 69
2938 95
1823 89
748 26
3738 16
3430 97
4667 93
2024 58
759 80
5107 78
4367 35
4681 91
5924 78
5480 13
2115 7
1162 44
3963 51
4663 67
5757 6
5762 89
5713 88
6491 65
2757 51
2986 60
4914 30
2621 48
471 18
764 72
4210 74
5854 44
4699 31
1260 56
2911 88
2247 11
3229 56
1154 43
927 70
6288 12
4756 57
1048 80
1821 98
1071 70
6214 44
4782 31
6417 81
1936 17
3329 73
1828 57
6171 74
1666 31
5658 55
2294 94
3561 57
5403 1
1143 83
5800 14
4332 17
1822 20
4311 5
5700 26
3636 5
5528 32
5657 89
1797 79
6178 95
2099 58
657 31
4457 37
1184 73
3803 47
1961 35
1527 93
4176 38
4316 25
2956 80
3058 42
1490 56
2586 44
1736 36
2848 11
6368 57
2305 62
6278 52
1792 83
596 13
47 90
5155 98
1067 11
3419 88
5779 63
5887 75
1072 70
3547 21
3218 59
5271 65
5245 45
4545 80
6113 47
4123 25
1185 97
1233 55
6214 13
356 34
3724 48
3294 45
6188 11
611 4
3925 7
2362 35
3985 67
3563 41
4210 31
4010 91
2261 49
3155 77
1830 60
4269 7
680 82
4373 7
895 67
2632 23
4674 41
4572 56
4825 4
2529 71
4507 60
839 94
1554 77
1466 36
5076 14
5558 80
5484 21
4331 98
4990 10
4701 18
3645 88
2902 70
5916 34
4954 10
4933 58
4938 4
172 16
2930 29
5260 89
2063 3
4164 24
5285 99
2434 54
4827 9
4033 5
3008 18
5833 1
4484 41
386 48
5985 21
2951 11
1521 56
4469 85
473 74
2304 28
974 55
5782 18
4875 8
309 68
3975 54
4123 76
2303 40
4457 9
5362 59
2837 70
4481 84
2285 40
4393 15
5972 35
5887 81
1355 67
5363 78
1263 63
4352 23
6365 1
6326 88
3349 75
201 2
3877 25
4722 7
2108 25
4554 34
2018 70
6232 52
1582 27
3396 80
6098 61
4136 62
4916 85
5445 73
5641 81
60 72
6025 97
2682 76
2537 10
5187 34
2783 61
4843 64
5805 60
6242 5
1111 66
1301 39
3100 24
6163 18
6246 44
5603 33
3409 17
4662 77
294 60
3187 98
6040 95
1763 2
1568 17
3022 8
2185 60
2790 10
2462 5
6241 95
5322 31
5537 50
5321 49
6409 48
4167 98
153 49
6168 38
771 79
4392 68
3042 41
5531 47
183 94
1171 12
6380 76
2675 68
1434 37
69 20
2812 76
552 3
1006 20
5624 31
197 1
3183 36
1949 56
4300 26
2075 55
3172 1
3671 1
5789 46
4154 39
2887 59
2236 30
1139 31
6294 76
92 97
5539 85
4253 42
4067 14
5272 90
5049 9
4744 29
5303 5
4690 62
6044 40
2712 67
3293 27
5526 12
2898 43
1545 66
1286 43
1381 70
1499 60
1313 99
4567 80
1254 54
310 67
942 14
2673 53
5709 77
6448 13
3892 57
2177 67
986 84
4564 61
9 5
438 48
2107 14
6267 57
4014 76
3186 19
3548 67
4066 71
5355 51
409 51
5752 42
5162 12
4304 82
5359 91
574 60
2322 88
4047 16
3422 21
4587 56
2827 97
5092 54
1403 95
1080 12
3946 27
3750 15
482 54
1207 3
5491 78
3171 75
1867 51
6280 78
6005 87
2597 83
1209 2
3200 4
3832 66
73 51
942 60
3229 78
6271 41
2671 81
6067 35
139 20
492 86
3031 20
6088 21
395 92
4174 62
2385 91
1286 45
2580 27
390 78
6466 77
5255 77
501 1
1185 41
1060 98
4115 12
3237 62
2348 59
5444 80
5674 86
6085 54
2972 91
5103 75
6074 45
684 95
2851 43
351 56
4379 62
6113 24
2478 90
4313 71
1757 63
2617 6
3958 67
3636 80
4248 16
2014 85
978 12
1224 62
3588 25
4317 32
5787 77
2136 19
4035 90
3063 31
4722 31
6223 90
1053 1
939 16
5027 19
3277 68
4564 70
5556 84
1531 40
3019 81
5689 17
5646 32
4626 8
5708 16
1084 1
654 88
4886 57
6431 69
5462 34
113 73
166 1
2684 52
911 65
1938 90
4981 48
6463 97
4928 63
5599 7
6252 66
5188 85
331 98
4996 45
2010 9
1143 35
463 77
757 32
3743 75
4488 39
6294 42
1904 63
1121 95
2677 59
333 44
2197 30
5342 40
3664 49
1960 59
5436 14
3311 96
3631 21
4371 89
5073 52
1531 35
2379 9
4964 57
2480 99
5729 67
3505 1
2683 22
6375 51
4545 7
3584 3
5372 39
2276 83
4699 13
5786 31
848 29
589 53
4022 7
6274 89
1694 16
4046 32
1927 69
3623 45
4059 36
6394 11
5805 75
4685 38
3845 36
6134 71
3141 63
3129 23
5247 78
6309 2
1958 71
6105 96
605 33
872 70
579 48
1275 12
4761 81
4664 35
4739 95
1478 19
2981 84
5689 20
2008 8
5834 85
2520 74
6442 3
5411 32
2161 72
1513 96
2662 16
798 11
4710 57
4431 50
5025 18
2407 69
4067 89
1550 15
6003 25
2830 67
267 2
3388 27
5412 95
6004 87
2870 12
2366 56
4296 64
1535 81
4382 38
5952 48
5104 84
5230 82
531 37
6104 41
2981 34
3830 45
440 84
4092 63
717 95
4696 89
4413 38
1644 50
3195 32
1333 46
2270 26
860 19
3536 55
4579 59
3582 9
3963 8
5000 60
5516 92
2755 67
4734 27
6386 30
2856 33
1244 29
4837 79
4498 34
2859 39
4055 85
3239 72
2150 91
1881 80
3982 26
2465 29
1639 97
4629 5
5123 14
624 88
6134 9
2977 60
456 55
685 45
5430 40
2878 76
6204 35
5346 12
74 51
2650 77
4129 1
866 63
4375 70
565 92
4579 6
2775 21
5941 99
4821 29
1348 80
2449 37
5918 10
6447 53
5208 73
2964 5
1590 80
319 29
620 11
6434 48
1324 15
5263 12
211 46
120 28
4791 57
4153 63
5003 81
3701 93
2230 59
4285 79
6037 82
2823 66
764 46
3369 88
3314 78
5083 38
815 41
3010 23
6245 62
3398 65
6085 37
3403 83
6407 58
2458 44
5384 55
1091 94
5011 92
2311 15
3908 41
2777 67
3738 79
2705 86
3916 21
3082 67
2391 88
623 80
2895 99
5476 65
5376 38
1835 31
3234 7
660 16
1116 38
4516 56
3787 16
228 15
2582 89
3531 68
970 50
3006 52
6153 97
1270 56
4131 57
5035 43
3371 96
5266 45
2079 83
1269 41
5875 86
6413 87
1943 90
1798 69
817 70
522 15
464 60
1084 44
4481 32
5376 25
218 76
3815 51
5497 2
5943 32
5641 65
5950 91
1416 35
3220 7
6103 9
4318 77
1567 3
3832 65
1923 71
2220 26
3238 12
2565 96
3541 18
3732 47
3754 86
5977 78
5165 31
2562 36
773 53
5667 98
6282 91
2663 33
6028 82
6293 40
5116 49
4612 96
4602 69
1696 24
5696 95
5177 57
4139 45
1444 8
6197 52
369 25
3731 25
5041 57
566 16
4271 75
5582 71
1582 81
5356 92
2919 83
1721 65
4227 46
1617 28
5045 73
3040 55
881 83
2686 2
164 99
6197 47
2300 26
2556 26
5929 71
4834 35
3655 4
767 36
3184 22
2364 43
5611 55
1057 40
6245 11
5441 82
3709 71
2166 43
2209 66
5626 28
3955 80
4527 72
5840 24
5840 45
5163 17
5350 97
1710 83
5675 15
3343 56
4609 57
5895 80
3322 8
5079 7
5734 1
4112 27
6461 38
2231 93
5438 25
1477 62
2522 5
158 9
5117 86
4281 80
4467 84
1004 18
4326 57
5662 89
4200 72
1177 77
3353 48
1370 85
2853 61
761 37
1704 60
2145 69
33 89
2992 79
4345 34
2223 90
629 99
6320 17
1506 84
2167 90
4064 94
6053 78
312 6
3005 44
814 16
1309 2
1557 24
5789 17
1345 55
2812 57
2832 72
348 92
5562 37
263 62
6446 33
6410 90
709 59
266 85
4469 90
898 67
2039 58
5790 46
6055 9
891 55
1403 31
508 71
4777 41
3237 95
183 36
1797 35
5782 12
594 17
1155 21
5993 10
6259 95
3432 83
1184 72
4451 56
1891 9
2088 22
4787 59
4014 63
330 95
4459 11
5346 80
3461 66
4621 60
242 83
2766 73
2950 17
3871 86
5642 74
433 56
1799 47
5006 80
5678 60
3598 43
3851 10
384 23
5998 2
1131 22
3530 80
580 43
3169 64
4727 70
5966 69
2693 98
888 98
2909 66
2370 61
5980 11
5292 78
2228 90
2304 19
169 52
1883 94
6246 73
2291 91
3840 74
245 39
438 44
175 83
5966 60
39 29
4212 42
4430 99
6225 5
2481 31
3305 32
5992 41
6416 82
4604 66
2426 89
5226 90
4986 22
848 27
3768 75
3211 6
5728 83
2180 77
4712 51
5579 77
4324 69
4412 22
1782 7
3789 59
577 28
5272 45
448 25
2316 70
3805 84
2776 40
1474 52
4643 27
4254 80
5598 93
1495 55
5078 44
402 84
1848 19
4116 89
4263 86
5415 53
534 34
580 72
2552 22
4650 25
2488 46
3342 5
4869 30
4252 55
2966 10
4873 2
1083 5
1615 23
1568 56
3396 33
3679 77
4854 89
2841 17
5490 98
2523 55
5031 38
3272 50
2206 32
1517 55
5218 33
1558 44
4444 31
1891 11
5016 88
4400 69
2438 68
4169 50
2539 5
4494 8
3558 52
2835 31
6343 10
4905 38
3412 12
3694 21
698 91
6049 4
5313 92
264 77
1631 39
916 9
1554 74
3923 40
4685 82
1935 41
3120 43
2079 17
5691 75
4332 9
4712 30
4938 83
4039 70
1593 37
1775 26
994 13
5050 39
2180 93
141 58
5218 81
135 88
1412 55
1782 92
5551 65
6300 90
2103 34
6050 43
104 52
2055 41
4946 89
110 40
3874 24
1999 35
1983 13
416 15
2447 26
817 1
3460 55
6059 27
2448 76
4993 64
6082 32
2692 57
6435 6
452 44
247 78
6467 90
5832 92
858 6
5404 15
1289 48
4254 23
4381 24
328 86
730 95
1396 71
4133 94
1638 57
897 43
2308 90
2740 31
4126 28
6497 65
5985 92
567 68
5637 76
5377 73
6156 95
3177 51
5371 6
5743 78
510 2
4782 85
6028 49
4997 93
1829 86
3427 51
3791 27
3376 97
1808 11
53 40
1787 88
802 55
6080 27
1320 5
223 9
937 21
2266 3
262 89
6476 35
4339 68
210 58
5621 48
4754 70
1488 18
1671 87
1206 67
4220 89
4370 47
4453 27
6335 34
2775 70
628 23
4588 99
2234 83
3499 84
4672 12
6457 76
5093 25
2555 3
4359 82
6138 76
3851 82
1813 54
2756 36
5732 41
6138 83
6313 49
4615 55
1952 18
877 19
5552 67
4593 59
1814 50
6177 75
1870 54
4309 22
6280 44
4401 13
91 29
1443 31
4087 61
2849 61
1817 38
1863 68
5340 48
5945 58
5749 39
4121 1
933 36
3140 47
3150 2
2089 1
846 44
2426 77
2498 69
5956 55
6068 10
5297 81
3134 32
4165 56
3776 97
4563 95
4064 32
5211 98
3803 27
1763 79
321 48
6354 14
2558 21
3711 38
5315 85
2529 66
4881 20
426 30
606 74
5399 81
5685 47
2490 84
1053 70
864 74
1503 54
4348 76
1523 1
1201 32
4441 41
3322 16
1363 78
4686 68
5951 46
2858 2
4343 20
3743 34
4600 13
6071 92
1618 41
5663 97
6050 2
3001 64
3234 12
5827 4
3417 16
6431 62
6486 96
1938 80
3317 72
6026 84
1438 16
3054 32
1867 53
4697 71
3843 4
4090 48
1413 66
4823 67
5336 64
2942 54
1087 80
244 15
4793 53
6092 84
442 36
4697 89
3034 62
3937 9
6214 31
4738 41
4002 64
6490 60
5156 85
163 42
4730 22
543 47
3346 17
4511 39
5517 34
1285 32
5645 67
1132 67
2384 78
2211 59
1968 22
6292 93
3269 25
4104 89
4594 78
304 38
2901 78
5627 18
3542 71
1222 2
1361 27
4074 19
129 12
1437 35
2123 80
4405 86
4635 33
2474 1
1799 60
3568 69
1088 35
1630 55
3641 55
1125 47
2058 94
1026 27
2811 2
4994 81
3174 16
5779 73
3045 72
3002 97
5601 8
4683 8
2026 7
154 86
1165 79
2846 18
4608 30
2111 87
5512 82
2743 76
742 13
4650 64
4199 93
2391 14
5196 12
4713 55
4539 3
5785 81
578 83
1562 29
6378 50
2310 3
3076 31
6065 40
4660 88
5312 53
6387 93
2667 60
1365 50
2089 20
3074 34
5483 14
3796 48
4460 19
5518 95
952 62
6189 50
708 10
1299 60
3926 82
276 69
3462 3
1270 10
3370 22
5087 99
300 58
859 48
3125 52
6364 5
1628 33
3127 64
1105 21
1790 7
5547 24
3860 42
3216 67
2845 47
2050 9
3096 45
2726 71
6076 69
6088 34
1965 81
750 48
1564 35
6045 30
5986 68
3015 21
5484 65
2527 47
1153 50
2487 26
3366 2
3435 58
122 14
3943 59
1624 32
4456 7
1677 3
6141 27
4667 59
3048 89
445 48
2642 11
1080 8
1676 45
6190 22
1439 47
1435 49
5043 29
1199 98
3849 94
3874 80
508 49
2748 38
5413 50
5169 95
1296 68
1514 88
5841 94
5482 34
4877 66
4358 54
4919 79
5866 62
2414 2
1241 1
1998 68
3186 34
4286 25
5160 82
1314 7
4515 52
1806 68
1964 76
2646 71
467 40
6126 54
1155 29
6460 79
5657 46
6354 25
4489 94
53 17
1327 39
3359 38
6247 51
3433 44
5685 1
721 27
894 71
2832 79
1736 63
5518 47
215 36
4403 34
2627 99
503 7
552 86
341 61
1299 45
2319 97
5755 54
2009 50
1614 22
4242 63
4768 75
5477 8
6208 1
3625 90
1796 94
5026 32
1793 7
875 8
3488 32
397 83
5680 15
4396 39
3651 28
5654 98
1932 6
3674 59
3855 49
2347 29
4474 12
4535 82
1200 36
6017 46
4052 5
5072 79
1651 95
4539 87
3799 60
5625 44
5125 31
5466 73
4433 10
673 41
2476 27
1837 39
4708 17
3903 28
145 15
2640 24
4297 76
5196 58
4104 70
4908 17
4734 35
3286 40
4151 79
713 59
1344 38
4802 71
820 14
731 49
2099 11
5218 39
4297 8
5021 7
2658 39
3945 74
4977 75
4734 57
5702 24
389 20
6197 82
1290 83
618 5
4246 1
3086 29
2059 49
1750 5
5466 87
6398 73
4174 34
5986 74
2720 63
5413 9
3901 86
4679 63
4554 23
526 19
6441 2
848 87
4338 76
2622 1
6132 68
1919 72
3749 29
2447 19
4991 21
2596 63
2016 97
1359 32
2375 25
5103 57
108 42
422 75
5627 2
2708 31
4926 71
1845 10
5192 53
4589 83
1335 4
1426 33
3957 85
3688 20
5649 68
3681 79
4321 61
4756 61
2863 4
2429 79
2006 57
1345 76
1930 19
4477 45
3898 78
5293 79
5792 16
395 85
3447 41
2304 5
1787 80
903 29
3985 70
2067 73
4563 15
2963 60
3441 94
1834 79
6031 99
4556 84
4819 58
5375 40
5525 57
5277 30
2767 33
3782 43
6206 67
4270 28
3826 92
3985 20
1224 85
3352 50
5314 83
4062 90
2588 44
4366 12
1165 62
2915 40
3666 97
6377 85
1145 28
147 87
2020 14
4818 18
3222 5
3906 84
6011 10
6394 72
1617 43
833 40
650 30
1090 43
1366 39
1430 3
1530 34
3932 24
5463 59
1950 48
5233 24
462 89
2784 74
4004 20
1680 23
5517 6
546 91
1618 83
4459 93
538 37
5600 19
278 64
2577 22
4722 22
2199 88
1899 50
2433 8
3670 94
1269 86
3246 86
1918 68
5048 74
3632 35
4498 17
2869 5
6128 70
834 41
1644 24
3631 49
3067 44
4169 56
3857 55
1055 4
783 38
5701 31
200 5
2035 16
6440 47
2724 12
1232 44
3465 64
343 93
4904 58
4689 77
3199 14
498 47
3114 16
460 28
2226 16
3090 62
3850 87
849 64
818 86
489 80
954 91
2958 87
1969 38
6076 34
4965 18
1581 30
4619 63
5859 85
6432 33
5593 31
1376 44
5117 8
5268 88
6321 43
2707 99
1571 97
639 37
2686 41
63 13
4333 3
4878 26
1775 31
6485 36
925 24
1854 16
5691 3
1768 51
5999 91
1327 74
6292 41
3144 35
5108 98
2405 91
1860 38
755 65
5476 47
3535 83
4528 57
6232 39
1671 7
2768 37
3435 59
2817 94
4607 9
4566 27
5001 8
1037 18
5454 19
3092 82
251 56
5086 97
6133 21
3739 33
3040 22
4426 70
4721 92
1871 85
1104 98
3216 71
360 40
3373 37
3734 99
3095 11
2144 45
5391 5
1254 76
5520 55
88 89
2234 41
6308 53
5722 26
95 58
5570 79
300 48
318 41
5607 80
121 73
5705 57
1433 38
6190 71
1848 27
4605 72
5185 33
4043 32
3533 49
3706 95
6485 18
1126 37
2385 18
5083 44
6317 91
2908 96
3015 87
3539 28
5476 33
4592 44
3969 34
1994 77
2391 97
608 85
6203 63
2041 22
3639 64
4234 15
5649 77
5761 22
1 85
2994 73
207 74
3407 69
455 41
2963 33
6145 20
5727 89
4263 5
4880 15
5889 26
2556 75
5117 30
4716 67
44 98
2624 75
920 66
673 49
3641 19
930 32
3159 89
4421 10
1079 37
4336 54
1024 56
5749 7
200 49
3591 33
6147 79
3389 46
1757 31
4640 16
169 35
1869 63
3359 85
5517 46
1969 57
2591 79
3091 92
3122 62
3618 45
5024 54
1975 23
2696 16
4817 76
5668 56
4122 8
6500 67
3431 40
5092 60
4936 40
5056 60
2833 87
4470 75
3632 37
1169 82
2860 63
3861 35
366 93
3003 46
460 10
5422 84
4696 53
189 41
80 39
3749 97
4529 81
4867 2
5330 72
2160 61
6256 17
2318 8
3336 62
3522 42
932 51
3561 20
410 31
1793 17
4023 17
4555 76
1837 67
2107 50
4462 11
6217 47
5883 49
3922 45
1655 15
6420 56
1638 39
6082 62
820 17
3036 31
6083 25
4286 3
979 99
5882 50
1310 67
5159 49
3410 90
3478 72
2036 69
1745 46
3500 38
1550 45
5150 31
5604 15
149 25
2071 76
2236 56
4475 29
741 48
4406 89
2260 11
5894 65
4678 82
3251 22
5911 39
3456 35
5143 75
2378 58
4855 41
315 1
1618 1
5039 14
2625 15
2808 6
3035 57
3355 21
5554 18
4625 30
1046 51
6224 30
24 7
1629 73
6370 57
1145 6
4624 4
4823 2
3125 80
997 63
2649 81
379 52
2078 29
3938 23
5966 72
108 11
3722 81
3252 8
3792 45
1228 59
5919 58
3347 82
3823 56
3306 28
4 42
1853 25
4213 27
1236 94
1585 38
2879 92
6345 60
1194 93
3342 93
1128 59
726 53
903 67
2592 59
5243 61
2443 4
5635 99
4536 31
1965 87
4504 82
1574 33
5136 19
593 84
4207 69
5831 11
860 9
3629 51
2242 44
2153 91
1166 80
5309 20
5712 72
4247 32
4376 8
3795 9
4335 48
2488 29
2378 73
1986 64
4992 59
3467 12
4899 57
5853 46
4410 94
5961 7
4201 92
5155 76
4101 40
4357 10
1384 72
2113 51
42 90
5290 32
1373 94
3214 2
2270 1
3900 73
4266 33
5412 21
4695 47
5287 94
4251 50
853 74
1612 89
4619 73
4197 76
6463 5
3956 45
5975 3
4800 56
4070 79
3308 2
3534 48
5151 21
3107 87
3835 15
1245 75
1563 25
2647 18
4717 7
1528 64
5577 32
5678 56
6371 28
2179 88
5834 86
3893 9
866 28
2319 89
6341 55
2075 42
5830 38
5141 88
3741 71
5013 46
132 15
4967 12
336 23
6179 81
2588 42
2757 13
438 29
310 65
2326 10
245 34
5588 23
3247 37
110 43
4074 14
2456 15
5639 11
4582 28
687 72
5174 27
5501 12
4835 66
2523 93
4808 45
1345 91
1605 23
3465 36
126 65
2909 75
2815 21
6466 59
4267 18
6195 96
645 6
4010 78
1808 32
4178 54
6342 85
529 14
2220 62
1354 89
3208 25
27 26
1647 71
3925 11
2706 2
2939 64
1201 59
4832 14
5617 98
953 71
4051 45
4891 20
4909 30
1420 31
5804 63
727 94
5779 94
4743 87
4644 90
3641 92
4647 96
6211 39
3551 9
4322 70
374 14
6255 72
6401 66
4340 50
2904 35
2910 36
4167 9
223 33
4303 33
4405 9
6173 41
3947 65
141 89
721 85
3277 39
760 29
5615 49
4296 54
6179 17
939 20
5964 41
2456 42
2583 85
4782 29
5824 65
3030 36
5801 49
5290 37
3665 99
2592 25
4942 24
1749 74
3501 87
4352 66
3411 2
2513 44
2182 41
2716 17
4742 37
521 75
5410 74
884 13
118 75
1781 93
4852 58
5833 6
5571 68
2918 79
1615 29
5067 6
6205 25
4282 25
3150 71
3883 32
2240 62
2929 49
1014 43
369 59
5887 6
6476 22
6021 1
6048 31
1147 85
74 89
5195 66
1508 54
1536 58
3582 8
5685 87
327 86
571 80
3625 75
2181 44
5248 99
1254 13
5749 6
4505 43
210 98
5201 56
3658 14
1874 14
5541 86
800 17
916 19
4844 60
5545 34
2867 45
6433 42
6375 8
5345 32
3811 96
114 43
1556 41
1339 44
3431 9
4525 1
5296 64
4128 8
5664 3
1816 53
1843 87
3988 74
4079 82
947 74
1589 30
4705 60
5839 10
5828 85
6259 64
3415 80
2772 4
6027 55
4437 41
1970 81
2094 20
4207 87
833 12
501 97
164 13
2323 91
3762 19
5560 77
5918 18
3240 98
1727 85
331 48
2951 66
5339 20
1028 13
6241 88
6046 46
4619 91
6383 94
5621 49
3149 18
4151 98
4175 2
3839 75
1232 32
5121 87
210 6
878 31
510 73
618 22
2215 70
3825 94
1245 11
618 31
5571 22
6169 42
5488 60
2040 40
5009 73
6231 53
4854 55
390 74
3161 72
2886 34
993 32
2173 69
783 17
144 32
1650 14
3746 15
4424 48
787 82
5974 25
3315 47
2571 80
1602 3
6260 43
3089 40
2403 34
3072 66
5426 61
4864 16
1428 58
5946 76
4454 35
3109 55
1830 82
2065 79
2214 57
5457 30
1 56
2209 8
2585 35
1450 41
4497 47
1306 80
1335 81
3286 63
5444 50
5593 90
6500 70
2662 74
5133 25
1600 76
4004 32
6054 84
1584 76
2067 29
2502 45
4970 40
379 40
5102 99
5043 10
2087 30
3681 17
1152 45
1458 83
2671 97
5691 35
3049 30
1066 41
2494 97
2289 22
2075 86
3446 95
6240 81
5478 86
3034 79
3199 95
5665 72
2922 51
1831 57
2520 96
3351 64
3068 31
2903 42
2172 15
4687 37
4549 2
1285 29
3296 4
904 80
1619 91
6415 90
3829 46
4226 64
53 57
2787 71
4250 50
120 91
3297 13
4064 81
3434 30
5042 13
4307 36
5456 7
2909 69
369 15
2586 14
6296 78
3086 5
3569 16
6308 63
4939 71
2226 5
3725 26
163 97
3699 42
2053 39
6178 53
2106 63
3564 18
1983 72
4877 22
6482 71
1378 72
3018 34
49 41
4816 16
2883 25
938 94
4139 92
661 99
2073 52
4175 17
5751 35
3182 17
5622 78
5928 53
6067 7
137 3
1377 67
744 6
5647 31
5773 56
5845 83
6449 6
1180 45
1485 69
2290 53
6112 78
1734 73
1162 59
3699 1
911 60
1594 96
6499 19
5016 28
3224 56
3208 10
162 66
3591 2
4699 10
2768 52
1015 92
5602 17
5755 22
2469 62
2495 46
4752 55
5115 57
4031 90
4453 14
3551 5
4045 22
6342 92
6468 4
1539 36
165 12
3123 45
2262 34
5011 78
4142 17
1188 54
1229 41
2598 87
2426 47
5693 56
2406 48
3909 38
3688 68
628 99
809 18
3495 25
4822 72
729 5
113 74
4789 49
5846 97
5211 53
1891 38
4446 18
5465 87
6008 38
4919 65
3175 94
4342 45
1487 22
5796 57
166 22
2109 72
862 25
3921 27
260 91
4252 56
5877 44
763 33
4030 80
2981 41
935 30
16 76
1103 5
2264 18
1330 39
2602 28
1624 16
2203 37
812 89
3137 98
4358 2
829 96
2080 12
4880 54
2788 63
3707 41
1589 61
2189 14
3334 25
4975 59
6048 98
6266 74
6037 65
2022 70
2458 67
5789 55
2436 98
984 21
2225 73
729 96
1873 42
1929 43
2686 10
3899 42
4082 67
3839 66
2197 81
679 63
4472 9
3036 15
3051 85
1438 33
779 72
6370 15
3022 51
5042 66
568 78
2009 69
4766 23
4016 12
3375 75
3433 31
2663 27
2931 75
1033 56
6017 60
454 37
2391 49
2487 5
6111 54
5005 98
2126 19
1458 29
2421 18
3485 90
1303 75
3776 7
2529 62
5192 52
4482 63
52 27
6432 93
3556 97
2771 40
4975 67
5512 70
1424 48
5869 22
3625 17
237 72
2291 96
2566 47
2440 32
3895 75
17 96
1370 19
2169 95
2766 50
3423 42
2177 9
2606 28
4479 76
1951 98
2468 12
5634 82
1491 91
2883 77
773 2
5868 73
294 5
4878 29
5750 11
316 80
4136 2
6066 96
3503 68
6023 64
3860 18
6263 22
1309 22
3871 68
2887 67
297 31
2061 73
252 72
4582 26
3769 45
215 93
1883 97
486 3
3654 83
2961 67
1783 3
981 36
6126 68
1041 56
947 1
4891 90
6006 95
6299 52
2285 43
3791 25
5568 53
2060 47
3924 52
159 76
2059 57
6106 73
1465 95
3656 20
4179 61
6023 85
4736 4
1979 79
4045 16
1858 34
1652 69
2459 9
2411 99
4873 67
2578 1
4162 85
128 67
5821 46
4567 66
2164 47
362 6
727 66
1419 13
6338 22
6272 84
3442 14
6254 67
94 13
2018 26
4418 60
3684 68
5463 50
4272 80
1985 86
3207 31
2388 73
2443 40
95 9
525 64
3608 11
1388 41
3153 67
878 20
3433 17
4131 43
3309 22
3373 99
5113 98
5353 31
4221 87
1292 49
1539 28
5136 4
1442 85
1569 16
1326 34
2093 44
3289 63
5051 38
4914 32
4532 76
4195 90
2492 29
3342 23
1076 17
3840 77
3885 70
3780 7
2089 27
2624 89
2270 5
4137 80
2148 30
5066 71
2130 59
2774 38
2681 78
3754 51
4612 80
1822 56
4094 66
5978 29
6394 87
1079 49
5416 85
4338 49
2950 25
2220 45
501 3
4092 46
1679 15
3276 72
5892 87
4904 77
4108 53
959 3
3360 53
6329 5
1210 28
3514 55
4412 26
2006 45
852 4
4180 18
1787 54
3893 5
3405 38
5847 61
369 5
2871 41
5576 19
4029 9
2004 16
92 83
1161 27
4244 46
3898 74
232 50
5216 8
1127 56
1938 28
6185 32
422 25
5503 39
5600 71
6012 67
2053 76
4590 68
5377 45
1131 50
1909 92
145 58
2749 31
1759 49
4752 61
2876 30
3998 63
4305 83
5821 80
3491 31
6270 75
4315 33
5333 37
5749 87
2359 58
3470 51
1219 88
2380 38
3104 85
5880 42
1599 44
4916 59
4931 36
3710 9
2047 72
1861 44
5876 2
2215 73
2362 91
3821 43
4595 45
536 18
915 88
1447 70
5009 7
5540 2
6238 95
1834 28
4492 8
2607 43
4700 92
6484 62
1488 35
5410 52
4991 29
1437 65
3299 14
6087 76
5021 16
288 6
6328 19
3790 41
375 1
2894 3
4449 59
391 35
5354 28
320 63
2085 2
1210 14
4579 10
3587 73
3863 37
1250 52
5199 18
3039 47
5917 85
6379 37
5520 93
5806 77
2215 76
2287 64
1538 36
4781 91
707 6
601 44
136 76
861 86
3836 67
3119 85
3046 24
2431 45
238 14
5671 21
210 97
1378 24
5895 81
5869 92
5844 53
2391 1
1390 74
3729 89
895 47
1450 38
5312 18
2069 64
4773 4
239 23
3211 17
5682 82
651 59
3627 56
1353 24
4814 13
4181 8
3274 48
5120 95
2843 87
6269 13
2916 58
1988 57
4261 73
755 76
4623 37
1011 48
6002 34
2123 94
1335 51
4474 64
5792 84
5970 36
5975 87
5845 50
3612 75
2816 32
3459 37
3943 60
1643 47
4282 11
2185 72
4504 35
5309 87
3758 42
3831 82
4976 51
4057 7
5955 73
4212 92
33 51
3223 19
423 21
3485 9
393 51
4121 72
3049 68
3325 87
1217 61
193 9
6250 73
4153 96
1274 10
974 89
5188 28
3339 54
4576 96
3770 25
5755 14
5659 19
6096 62
2545 99
5992 90
3291 63
128 54
6210 51
2063 24
2560 95
749 10
6018 22
2737 45
65 36
3164 4
575 41
1883 53
5804 46
3864 14
511 38
868 88
3163 39
6314 11
6071 2
1244 73
1477 5
3401 99
4561 21
3889 47
761 13
2883 8
4744 43
4721 52
2235 80
6448 36
625 32
4915 80
3080 98
4410 92
251 8
5157 81
347 63
1306 16
2337 83
3667 16
4123 62
165 49
2527 86
5827 54
2013 80
1646 80
5182 86
1862 32
4796 21
762 20
5868 35
6205 70
4313 75
4512 93
2135 54
3095 53
4980 71
6271 87
4126 49
1894 78
6129 94
236 63
2705 36
4697 91
1850 42
4257 1
2489 27
1276 41
2035 26
5960 13
4366 32
2567 48
4800 89
5844 16
2956 25
2187 65
1109 95
6437 82
84 47
3757 48
1065 66
2618 85
1555 81
3645 66
192 85
1639 25
3072 43
1058 39
762 81
2672 86
3363 20
820 97
530 50
4340 47
644 99
476 26
1805 85
238 70
4413 9
1796 77
1573 81
3374 20
4355 51
5077 43
3928 27
3391 9
433 60
1834 26
4900 13
5456 32
946 57
2318 11
2247 78
6002 6
712 46
4916 62
2908 57
3350 71
1771 69
2623 91
5378 60
5246 46
1511 78
4625 95
468 89
6156 47
1323 78
5764 89
4136 48
949 97
2831 7
3267 64
5115 64
2841 98
1260 48
968 58
1190 87
3347 81
207 21
6066 77
1143 66
1564 70
6356 26
3092 69
2104 55
5997 77
2787 22
5977 64
1993 50
1540 51
3020 91
279 18
2568 5
2675 59
1740 57
6441 23
1063 47
174 2
6156 90
4199 15
5172 65
5745 51
1720 74
5516 57
577 39
4366 67
5086 45
5941 54
5927 33
1245 30
4076 99
3379 28
1536 9
2706 16
4284 43
2781 29
3568 7
1210 90
125 25
2663 53
5052 15
4872 56
1233 86
6183 60
1356 65
459 50
4821 12
2687 24
5771 2
4434 61
30 60
4018 17
5443 11
3666 78
4817 15
4792 7
5184 33
108 97
836 32
3632 67
4410 42
2154 31
2967 96
2593 93
1647 44
2766 20
1471 20
4297 86
2903 6
5906 4
745 31
5195 99
2044 60
6275 65
983 77
4984 60
361 49
3836 50
92 92
3695 7
1369 39
4699 95
4517 95
1271 37
6307 33
3937 14
4440 18
1356 90
4117 86
5061 20
4059 95
5315 91
3141 62
3258 37
673 68
4038 79
342 21
1669 81
1191 64
882 25
4155 81
3245 56
4748 60
1379 75
1476 74
2945 24
879 30
3029 22
3654 47
731 12
3683 73
4972 10
5163 41
6384 67
2552 10
1150 17
3847 72
4477 67
4840 7
3181 97
5973 22
2059 88
5706 1
4489 16
1637 74
1317 95
740 73
1298 73
1400 76
5489 94
681 37
3297 89
6447 83
3308 29
1433 18
4711 53
1316 2
5415 76
488 99
2811 10
6100 17
5007 32
4486 75
4529 86
1413 56
461 27
3786 47
5549 68
2100 71
3278 30
1070 56
4117 75
736 63
2338 78
2495 66
1281 45
4580 37
4738 44
5786 54
3604 54
2829 88
757 31
4618 57
114 23
2543 53
2266 96
601 80
3010 49
2231 48
3169 12
2708 73
3284 98
387 55
4645 95
410 11
2073 24
568 44
3251 75
422 40
2343 71
3221 23
1500 69
4762 12
469 99
2947 32
5256 30
6108 36
1390 86
5380 34
1683 6
4611 25
1455 46
5961 77
1715 83
6418 88
3289 84
3742 19
3530 1
996 82
3735 38
5960 59
6091 88
5219 2
1108 76
4505 82
5481 67
1316 44
4226 60
564 63
1817 87
4549 55
4671 8
4228 98
2264 89
4514 40
1759 12
5346 25
2438 38
6406 25
2821 27
6490 31
5620 83
5898 80
1955 78
4112 42
1766 87
4426 15
2202 43
6049 16
2808 31
3420 81
2754 47
1282 46
5700 94
6188 96
6266 73
5922 71
5308 5
4406 65
4993 54
3632 72
4267 39
3081 4
540 56
5124 14
5488 87
840 61
4627 80
303 81
2420 50
4643 74
5766 81
3295 78
6459 93
1102 46
572 69
74 44
1689 36
6240 22
5410 5
6054 58
4600 93
123 90
579 77
1122 35
5142 33
5181 44
1546 61
6460 6
905 70
399 35
1498 46
2182 97
1832 75
930 86
3619 72
6058 26
1331 94
2998 65
4277 20
2627 75
986 89
4262 36
171 36
3911 15
1214 37
2502 83
5177 3
1691 68
2364 32
2690 96
2516 86
3560 37
5488 72
348 95
706 45
1228 30
2954 37
1830 34
975 93
3034 19
168 28
559 15
977 49
3979 76
2496 38
1680 70
829 40
666 65
4866 63
282 30
368 69
6434 45
4348 10
684 31
1643 35
3637 4
4979 79
2173 98
2568 98
5815 61
2901 18
4155 52
1851 89
319 95
1951 44
4383 76
5925 17
4775 40
2971 56
3513 87
4760 65
4002 52
4980 87
2537 19
3346 74
5372 77
1598 87
3595 17
439 86
3123 20
6181 5
1951 18
742 20
4313 21
5573 56
5656 21
262 26
4760 52
5777 81
1413 17
4019 29
6141 58
3227 14
5791 23
5595 7
4946 8
846 15
2066 92
5578 66
1442 12
1593 3
4682 89
5763 80
5 35
6397 70
1808 41
2963 95
5241 88
3841 18
5561 86
903 76
6253 86
1388 14
468 10
1593 26
3396 75
4163 39
2852 60
1655 65
3486 93
753 68
1598 18
1380 81
4918 4
3724 29
2709 61
1220 21
3924 63
5773 88
1795 69
6373 6
1906 28
5692 55
1374 37
1865 89
2958 73
1221 61
2850 2
6308 41
5048 69
5162 49
5461 98
2118 69
4481 5
5728 86
4388 8
3407 6
1632 36
5615 91
4882 49
6392 2
4000 12
43 85
731 46
1260 89
5791 26
5949 20
3109 50
3573 49
2806 81
6407 7
2063 85
653 80
201 4
972 10
4692 85
1387 53
4633 1
5837 96
3547 59
167 95
1417 96
1775 94
5513 71
358 25
5727 45
2672 77
3453 11
209 83
848 67
698 33
5138 96
5007 82
3082 5
5411 26
5018 11
4033 7
6324 97
4992 78
3824 6
3728 25
227 58
1020 51
2391 31
5148 81
4770 35
1411 48
476 49
5332 51
4192 81
2751 99
5513 67
1528 32
5712 1
526 58
958 43
4209 1
3117 94
1377 32
577 10
5264 30
1650 10
2806 48
1156 39
2801 85
2086 39
5601 29
5258 10
1468 22
1286 79
5106 27
3038 42
6382 36
2937 71
5497 90
3760 34
6199 11
3645 41
1464 67
519 86
499 90
254 28
2961 1
4134 56
4831 48
1387 62
5047 33
4430 65
5262 9
3707 38
476 44
5340 78
4324 38
1104 6
5168 82
835 69
2111 93
2511 6
1852 82
735 56
3771 70
5840 17
5076 97
6175 98
3600 42
5518 31
3112 45
3808 74
2970 2
3667 76
468 34
4252 80
2849 4
2376 14
5747 15
5510 33
2625 72
987 22
1441 44
1505 87
5857 34
3171 5
637 91
4992 91
4106 4
4597 95
77 55
2413 74
997 69
4426 29
3514 21
3858 79
879 14
4907 88
3843 34
4667 65
1137 46
6176 94
1232 18
1908 25
6215 78
167 59
3587 68
3357 23
3473 87
4406 14
692 20
3820 28
4769 24
6415 60
584 46
6241 59
25 4
4878 77
3175 74
3615 16
827 58
712 29
2156 9
5385 21
143 3
5812 60
1002 90
1562 44
2562 15
4515 31
5985 74
2100 63
5899 99
835 62
3089 14
698 21
5041 12
6312 15
5021 92
1155 86
1768 84
5442 61
3738 37
3118 3
5302 64
5645 69
4477 15
2203 20
3039 50
778 43
5264 89
1077 29
5798 1
2025 37
3017 75
5336 22
2582 21
6277 9
659 70
3972 58
373 52
4086 38
129 77
6241 16
2932 76
1891 56
1708 20
4366 1
6371 45
6352 34
3659 99
4842 77
1059 54
4827 99
4365 24
5904 65
852 51
4398 27
5734 75
5667 35
1077 38
4411 55
301 2
3698 23
6045 26
3986 87
683 2
3608 37
5228 40
2162 65
2586 21
5098 20
2497 38
5011 53
4252 89
5487 19
1978 11
5365 3
2440 94
3771 86
6240 45
4629 39
2841 80
5303 99
4507 52
6487 24
4768 25
1892 24
2555 55
4938 68
3899 15
3782 67
5845 4
1921 55
6162 57
1589 54
3174 35
4728 14
5692 7
4723 16
5961 35
4205 64
3352 32
5735 24
4435 23
3802 61
823 94
1559 55
5101 89
2793 15
4037 83
2241 91
5148 95
5007 34
5839 51
6002 68
4021 95
4523 68
5605 22
768 5
2389 5
1763 82
2628 78
6499 76
3481 33
5084 73
3007 42
5778 63
5454 73
5178 74
2378 36
5356 27
6401 75
5235 69
5695 79
2831 78
5271 8
5975 52
3864 37
1959 47
654 91
4862 16
5742 28
2862 15
5374 80
2379 24
6058 39
5114 81
1632 59
4106 70
2095 68
3509 54
6298 94
310 35
1916 82
5311 38
3487 19
3020 31
2475 45
2367 82
1973 17
5872 2
4785 78
6324 44
4482 40
2273 56
4517 52
4807 18
2199 93
4211 21
3024 34
2965 23
2929 26
1321 56
3130 72
1212 74
2526 33
5265 84
920 47
6432 46
6088 14
416 73
3081 61
274 36
6120 74
110 32
3991 9
4908 98
5238 46
2444 96
640 60
1164 97
3216 23
6368 77
3435 61
221 72
4601 74
6334 65
1020 67
777 39
2674 54
6308 70
6436 67
1676 30
1711 48
1345 31
1926 90
2284 33
6408 60
2890 52
712 28
1989 81
3938 15
3419 18
6473 60
1725 74
945 61
6164 52
3155 7
531 6
1234 99
6475 1
1651 43
5612 72
6203 4
3945 71
4000 90
4344 84
2050 75
5387 54
1277 22
170 87
4585 18
5985 19
5788 42
1205 18
2245 9
5092 13
255 70
3419 48
6482 37
6022 91
289 33
4142 40
418 40
518 57
5058 72
5096 51
1903 76
4079 22
2807 12
1016 12
151 31
4712 18
375 84
5702 96
2644 51
5371 34
4621 26
4480 2
697 60
5624 56
1537 95
3598 28
5427 33
3188 6
1427 7
6223 57
1769 47
6269 57
4752 26
677 73
1082 1
446 2
2012 90
3269 39
6180 15
6238 79
1601 84
2261 3
1362 82
5001 77
4074 65
548 30
504 80
4440 64
3078 71
5099 97
1343 34
6214 47
1518 72
6218 22
1008 2
284 24
4524 45
366 26
861 73
1287 28
1299 57
5299 84
683 49
6058 44
4814 72
6388 44
468 42
1059 72
5915 91
5191 94
2597 69
2039 21
1296 38
3835 3
516 27
5743 56
5903 82
1548 78
3247 73
6179 21
982 22
3225 61
5584 74
2042 60
296 50
1836 56
3820 10
520 10
5325 39
3209 15
2941 74
6056 10
2304 64
5109 7
3175 76
3452 53
1785 45
2868 53
2434 50
4562 25
870 53
6280 20
5840 74
2278 73
1285 53
1138 89
618 34
4672 41
4404 76
3818 59
3492 50
345 50
3681 66
1036 72
5230 34
4343 31
257 26
379 58
2959 26
3520 12
51 32
2586 31
2736 36
177 73
1188 43
1426 2
5241 77
1477 82
3290 59
3426 17
3377 28
1334 8
2745 76
3941 79
3336 35
4112 73
5824 71
3704 72
3410 42
2412 77
3586 15
2938 30
175 94
1321 2
3317 23
4767 92
1700 33
4379 97
2639 15
5321 32
930 29
3596 39
4024 99
1596 38
6228 27
551 91
273 25
2677 8
823 62
5009 59
2208 5
3823 96
1889 26
1607 36
3633 81
650 71
2444 51
5514 36
4832 85
4446 14
4817 57
5050 68
6261 9
4924 40
5092 19
5667 8
4617 76
2195 44
48 69
682 33
281 17
1822 87
1587 14
5138 27
2493 75
5421 53
4160 79
5985 3
2809 28
5713 12
4575 49
776 45
5994 35
4650 94
5278 64
2928 11
3056 3
3851 32
182 47
3147 54
215 7
601 16
2685 38
3096 18
2094 37
4409 38
5416 33
2570 33
4526 65
3482 66
3030 5
5397 11
5422 30
3298 86
1072 40
5657 29
5200 33
3956 54
2624 93
6397 49
2966 31
4302 54
5613 92
3845 70
3767 81
2762 67
6330 86
1775 49
2549 79
5742 7
1019 63
5270 79
470 22
2871 33
5609 75
2451 78
3235 93
4131 42
1224 41
3234 39
1922 41
4464 3
1332 63
4368 72
5406 33
5866 27
1134 32
5012 20
5613 79
37 32
4405 17
3484 15
3875 59
6067 88
4925 13
337 84
1334 80
2917 62
5289 51
2211 4
4700 83
1820 85
2439 65
4998 42
2270 47
2954 99
5439 41
1831 2
518 98
3017 86
1658 88
3155 19
5043 3
1216 24
1296 5
4369 33
2152 34
4932 80
3796 7
1113 17
4459 78
4690 87
5050 9
5014 61
2101 97
2806 53
6171 67
380 10
4715 16
350 60
6128 63
1709 73
1494 93
1661 57
1230 42
1962 53
39 4
4835 86
2664 25
417 78
5400 27
2890 18
4727 53
5573 85
4812 66
1722 94
5067 47
749 37
3585 46
1597 61
2262 83
4700 2
844 13
3058 96
1953 48
5384 70
1003 44
2350 61
4496 4
4270 69
30 12
1413 10
1759 87
2959 71
3799 33
1572 36
941 83
2981 7
5807 36
400 32
3971 71
817 19
252 67
5326 1
2772 40
2180 61
126 29
5054 82
508 12
812 62
6134 20
5885 1
763 94
5094 35
2000 7
4940 65
2855 25
659 58
1691 35
3080 52
1792 76
5507 73
690 96
1869 74
2472 55
3005 91
1666 43
5912 57
4601 4
735 82
2777 91
4908 46
6490 26
2384 73
2843 20
1276 28
1836 70
4353 94
5616 34
6396 82
2911 35
4925 50
2182 58
2986 77
5833 20
6434 38
4804 2
5147 61
3976 81
1646 18
3762 44
6178 15
3470 57
6016 68
1916 18
737 84
1503 20
6090 20
2820 91
4463 67
2601 75
4023 48
3561 87
3042 76
2635 1
2940 66
2617 22
4771 38
1245 25
2895 72
53 74
5358 31
614 26
4556 92
3972 45
3694 48
4380 32
583 76
5489 29
4993 7
3994 98
5830 66
102 3
6084 37
4646 26
1719 79
4728 5
2112 89
4643 66
1920 7
5328 54
5501 20
6178 42
719 84
3320 29
2637 88
4789 92
6465 66
3192 77
5785 93
3018 96
191 97
464 4
3181 48
2469 48
5698 54
2023 13
5771 68
5226 57
632 40
3931 8
1064 82
1150 84
106 23
1696 1
264 67
438 94
4225 85
5537 62
3844 53
4163 63
4714 77
1358 4
5849 39
2358 28
4510 61
41 24
6048 11
3357 75
3893 32
5645 63
706 76
4729 94
2011 63
4549 99
389 3
6134 25
1975 36
836 56
6052 67
1270 2
5137 10
4193 13
3729 33
4765 4
368 22
5826 59
5538 70
2664 14
3941 84
4902 11
5982 10
4045 37
3192 63
1968 20
2157 67
4136 15
3198 88
1658 82
6234 61
4133 3
579 2
2528 95
23 74
5662 47
3145 83
5904 96
2649 27
3587 3
2019 69
3210 37
2812 12
4002 11
2937 65
4345 89
1736 28
2277 51
4182 97
985 83
5032 40
6479 52
260 18
5006 37
5647 22
13 92
3550 10
4609 61
1210 88
636 79
5331 62
4411 3
4171 32
2469 45
4381 45
1318 60
3801 61
994 9
3923 17
268 59
599 71
1737 89
1823 31
2994 87
5029 22
326 54
4025 2
6298 31
6266 43
3004 59
345 28
6016 1
4603 70
4014 55
6278 86
3115 17
2921 78
5206 30
468 68
1169 4
4932 92
5147 39
3144 46
2911 65
3144 33
501 79
3670 65
392 87
3631 6
3770 73
352 44
669 91
1454 3
4894 58
1254 1
6100 35
411 1
853 17
4662 97
4969 50
6459 90
1256 81
1258 26
1801 75
5795 18
2878 27
5158 30
2823 74
2247 26
1313 20
4901 97
503 71
3942 45
2614 60
4791 94
5925 81
5462 29
6138 47
6405 7
2760 23
2981 96
1814 8
4195 93
526 54
3249 60
4999 71
4202 81
5769 73
167 44
5697 8
1992 28
2365 94
943 25
3339 76
2371 86
3198 34
4139 7
4585 50
6050 4
3313 73
6225 24
785 59
6105 26
85 40
777 56
5393 47
264 75
5658 74
3818 36
3378 57
2801 6
6024 70
3189 85
2350 89
6298 81
3780 60
2602 83
4896 3
1128 26
4164 7
1165 38
3305 94
4391 16
5059 59
4849 95
4499 15
6478 51
4772 53
3770 33
5043 26
3607 9
673 53
107 58
4312 75
233 76
4682 37
2880 66
3834 8
1306 10
4029 2
5836 73
4767 53
3664 84
3579 46
4943 94
4612 1
4046 27
3286 14
400 93
958 25
4800 8
1280 42
2173 75
3762 88
4673 16
4084 47
3447 2
4276 25
446 86
5477 12
4587 86
1061 80
5776 5
4720 65
3413 67
260 35
3194 53
6122 66
1292 12
1698 63
667 42
3539 70
1748 20
2546 3
170 24
559 98
5409 1
6459 30
759 66
1733 24
601 90
1407 29
5130 26
2127 1
2247 93
346 91
817 75
1953 30
3774 69
5133 52
4424 64
2991 28
1294 9
4142 30
1076 50
273 46
5954 27
1515 78
4590 97
6329 78
5520 72
2369 90
4483 27
3966 9
6206 48
4278 5
4170 33
4723 41
5890 77
5104 87
5510 52
6277 30
6153 46
919 1
3415 42
2217 30
102 45
1621 46
3872 98
4849 98
1226 82
2212 32
5169 70
1842 94
2429 42
410 39
5752 5
1298 48
2452 91
3179 72
1775 71
366 94
4083 49
672 42
698 3
2378 46
3690 68
1429 90
1211 36
1126 71
6450 46
5122 18
2211 68
4559 12
6317 79
2319 8
5227 72
615 93
929 54
2834 64
5173 82
1839 2
1215 74
4017 33
3295 11
1937 18
1402 31
6280 45
6031 44
4347 62
320 5
1926 62
6 75
5518 24
3034 26
5980 48
1357 6
1735 49
4233 21
5353 50
5529 56
2219 96
2300 19
4040 31
4394 90
5431 56
1676 17
465 75
5810 24
1027 53
3134 59
1005 78
173 29
4235 64
4212 87
4189 8
477 7
1588 98
1800 78
663 7
3287 54
6045 44
5518 74
5590 40
4189 22
5882 6
736 24
2069 79
4426 71
5173 11
2478 84
1712 27
1661 80
2389 26
1410 68
3820 60
1253 93
5031 6
1106 37
5894 22
2797 87
4347 15
6212 39
860 90
1534 63
2400 1
3802 2
1277 12
5422 32
2309 22
4163 33
4783 64
343 9
5970 82
924 35
3995 50
2401 32
2692 50
5073 94
3047 7
482 49
1987 61
4908 1
973 58
5841 30
3262 12
3732 23
4366 66
4618 37
6500 63
3618 53
3776 43
5756 72
1887 96
4421 89
5814 68
1465 22
445 91
851 36